sample_idx,real_label,min_dis
813,7,6.085236072540283
758,7,6.028939247131348
1105,7,5.590440273284912
1013,7,5.57667875289917
596,7,5.544219017028809
598,7,5.5203657150268555
713,7,5.493348121643066
733,7,5.493348121643066
1050,7,5.493348121643066
1062,7,5.4907002449035645
1089,7,5.435957908630371
740,7,5.4185333251953125
644,7,5.410436153411865
686,7,5.410010814666748
763,7,5.366894245147705
1068,7,5.366894245147705
539,7,5.36572265625
973,7,5.361915588378906
718,7,5.358054161071777
897,7,5.358054161071777
980,7,5.358054161071777
1042,7,5.358054161071777
626,7,5.341765880584717
546,7,5.338000774383545
726,7,5.324000358581543
1132,7,5.31342887878418
710,7,5.299170017242432
591,7,5.2948808670043945
990,7,5.291504383087158
542,7,5.283644199371338
750,7,5.283438682556152
1021,7,5.283438682556152
1162,7,5.283438682556152
538,7,5.268890380859375
631,7,5.264480113983154
880,7,5.2564897537231445
724,7,5.240504264831543
126,2,5.235080718994141
580,7,5.231662273406982
770,7,5.231662273406982
1010,7,5.231662273406982
1108,7,5.231662273406982
550,7,5.231573104858398
1096,7,5.231307506561279
1161,7,5.223001003265381
675,7,5.216161251068115
595,7,5.208519458770752
577,7,5.206721782684326
688,7,5.204212665557861
576,7,5.202350616455078
638,7,5.202350616455078
967,7,5.202350616455078
1139,7,5.2016072273254395
954,7,5.198866367340088
1058,7,5.198866367340088
662,7,5.1972455978393555
870,7,5.1923346519470215
689,7,5.190929412841797
764,7,5.190929412841797
875,7,5.179810047149658
678,7,5.164170742034912
1071,7,5.161482334136963
643,7,5.157373428344727
738,7,5.157373428344727
1118,7,5.150829315185547
785,7,5.150390625
853,7,5.150390625
844,7,5.148355960845947
982,7,5.148355960845947
790,7,5.145341873168945
850,7,5.145341873168945
942,7,5.145341873168945
820,7,5.142885684967041
615,7,5.138684272766113
927,7,5.138684272766113
1034,7,5.138684272766113
552,7,5.135709285736084
966,7,5.135709285736084
1100,7,5.121645927429199
569,7,5.114698886871338
956,7,5.1132941246032715
1142,7,5.109679222106934
1129,7,5.109624862670898
894,7,5.104400157928467
913,7,5.104400157928467
651,7,5.101790904998779
755,7,5.101790904998779
789,7,5.101790904998779
543,7,5.100793838500977
752,7,5.095485687255859
937,7,5.091433525085449
851,7,5.090999126434326
941,7,5.083205699920654
827,7,5.080773830413818
779,7,5.068885803222656
765,7,5.068699359893799
911,7,5.065649032592773
978,7,5.059962272644043
612,7,5.059187412261963
1083,7,5.059187412261963
1149,7,5.053927898406982
1047,7,5.049894332885742
558,7,5.047640800476074
717,7,5.047640800476074
721,7,5.047640800476074
735,7,5.047640800476074
787,7,5.047640800476074
1018,7,5.047640800476074
968,7,5.045685768127441
783,7,5.037989616394043
754,7,5.036965370178223
831,7,5.030157089233398
1122,7,5.030157089233398
918,7,5.02963399887085
856,7,5.027100563049316
640,7,5.019474983215332
834,7,5.013676166534424
677,7,5.013477325439453
950,7,5.013477325439453
692,7,5.0014424324035645
698,7,5.0014424324035645
705,7,5.0014424324035645
716,7,5.0014424324035645
901,7,5.0014424324035645
1094,7,5.0014424324035645
669,7,5.000404357910156
822,7,5.000404357910156
847,7,5.000404357910156
886,7,5.000404357910156
891,7,5.000404357910156
915,7,5.000404357910156
917,7,5.000404357910156
939,7,5.000404357910156
1033,7,5.000404357910156
1084,7,5.000404357910156
696,7,4.993802070617676
798,7,4.98624324798584
965,7,4.98621940612793
792,7,4.98118782043457
904,7,4.974888324737549
1159,7,4.974166393280029
563,7,4.974165916442871
567,7,4.974165916442871
570,7,4.974165916442871
610,7,4.974165916442871
714,7,4.974165916442871
748,7,4.974165916442871
782,7,4.974165916442871
804,7,4.974165916442871
1060,7,4.974165916442871
551,7,4.972190856933594
848,7,4.972190856933594
951,7,4.972190856933594
702,7,4.963418483734131
751,7,4.963418483734131
947,7,4.963418483734131
987,7,4.963418483734131
907,7,4.963223457336426
1057,7,4.959347248077393
723,7,4.956124305725098
1011,7,4.946279525756836
1081,7,4.94440221786499
1102,7,4.94440221786499
649,7,4.941904544830322
775,7,4.941904544830322
796,7,4.941904544830322
998,7,4.93477201461792
905,7,4.934336185455322
815,7,4.934216022491455
773,7,4.931528091430664
800,7,4.931528091430664
1125,7,4.928018093109131
559,7,4.926044940948486
568,7,4.913364887237549
699,7,4.913364887237549
1099,7,4.913364887237549
1151,7,4.913364887237549
866,7,4.9063615798950195
691,7,4.90472412109375
780,7,4.896687030792236
830,7,4.889683246612549
794,7,4.886951923370361
1160,7,4.882360935211182
635,7,4.873656749725342
690,7,4.873656749725342
835,7,4.873278617858887
1020,7,4.873278617858887
959,7,4.872839450836182
585,7,4.865183353424072
622,7,4.865183353424072
722,7,4.865183353424072
744,7,4.865183353424072
855,7,4.865183353424072
902,7,4.865183353424072
919,7,4.865183353424072
964,7,4.865183353424072
694,7,4.863189220428467
1053,7,4.856781005859375
860,7,4.842161655426025
1075,7,4.842149257659912
652,7,4.836535930633545
828,7,4.831220626831055
1005,7,4.830772399902344
590,7,4.830758571624756
936,7,4.830758571624756
996,7,4.830758571624756
700,7,4.830672264099121
1059,7,4.83058500289917
1079,7,4.8302435874938965
560,7,4.829257965087891
607,7,4.811362266540527
1001,7,4.811362266540527
1152,7,4.80921745300293
1117,7,4.808489799499512
683,7,4.805598258972168
1031,7,4.8048176765441895
922,7,4.798700332641602
1082,7,4.789855480194092
693,7,4.786651611328125
753,7,4.774394512176514
916,7,4.763339042663574
1000,7,4.75638484954834
571,7,4.748968601226807
908,7,4.748968601226807
1078,7,4.748968601226807
776,7,4.747573375701904
989,7,4.735043048858643
1080,7,4.730937480926514
843,7,4.727049350738525
695,7,4.720393180847168
895,7,4.717040061950684
997,7,4.716551780700684
554,7,4.715214252471924
582,7,4.71375846862793
1076,7,4.706713676452637
581,7,4.706671714782715
617,7,4.706671714782715
749,7,4.706671714782715
760,7,4.706671714782715
832,7,4.706671714782715
1073,7,4.706671714782715
970,7,4.703830242156982
745,7,4.698354721069336
709,7,4.695465087890625
944,7,4.691921710968018
672,7,4.685442924499512
602,7,4.684792995452881
606,7,4.684792995452881
616,7,4.684792995452881
621,7,4.684792995452881
657,7,4.684792995452881
711,7,4.684792995452881
774,7,4.684792995452881
803,7,4.684792995452881
863,7,4.684792995452881
923,7,4.684792995452881
1025,7,4.684792995452881
1036,7,4.684792995452881
1095,7,4.684792995452881
603,7,4.675835132598877
548,7,4.673851013183594
818,7,4.669872283935547
561,7,4.6696929931640625
574,7,4.6696929931640625
661,7,4.6696929931640625
664,7,4.6696929931640625
839,7,4.6696929931640625
849,7,4.6696929931640625
924,7,4.6696929931640625
1037,7,4.6696929931640625
1140,7,4.6696929931640625
1141,7,4.6696929931640625
1156,7,4.6696929931640625
564,7,4.659398078918457
720,7,4.659398078918457
623,7,4.65286111831665
1109,7,4.65286111831665
579,7,4.647400856018066
1116,7,4.647400856018066
667,7,4.644298553466797
555,7,4.640209674835205
727,7,4.63828182220459
920,7,4.637899875640869
900,7,4.62511682510376
933,7,4.623305797576904
586,7,4.611081600189209
952,7,4.611081600189209
979,7,4.611081600189209
648,7,4.608945369720459
1145,7,4.608945369720459
1065,7,4.606271266937256
1002,7,4.594386577606201
1017,7,4.594386577606201
963,7,4.588919162750244
778,7,4.569437503814697
746,7,4.5686469078063965
549,7,4.5638227462768555
955,7,4.563634395599365
809,7,4.5605340003967285
1086,7,4.560490131378174
769,7,4.556779384613037
1150,7,4.548562526702881
663,7,4.54520845413208
784,7,4.538854122161865
1135,7,4.538854122161865
882,7,4.525118350982666
680,7,4.5247802734375
715,7,4.5247802734375
846,7,4.5247802734375
1026,7,4.5247802734375
795,7,4.517236709594727
986,7,4.516791820526123
712,7,4.516064643859863
976,7,4.516064643859863
730,7,4.513434886932373
627,7,4.511198997497559
948,7,4.507496356964111
999,7,4.50466251373291
632,7,4.49570369720459
985,7,4.492816925048828
666,7,4.492530822753906
781,7,4.485518932342529
624,7,4.484476566314697
665,7,4.484476566314697
731,7,4.484476566314697
786,7,4.484476566314697
994,7,4.484476566314697
1121,7,4.484476566314697
654,7,4.482857704162598
793,7,4.482582092285156
604,7,4.470357894897461
1144,7,4.455909729003906
741,7,4.434742450714111
587,7,4.434057712554932
1039,7,4.434057712554932
682,7,4.432534217834473
676,7,4.410762786865234
1064,7,4.409632682800293
566,7,4.407426357269287
583,7,4.407426357269287
584,7,4.407426357269287
824,7,4.40486478805542
854,7,4.40486478805542
1103,7,4.399310111999512
1046,7,4.396069049835205
625,7,4.389233589172363
685,7,4.389233589172363
857,7,4.389233589172363
869,7,4.389233589172363
888,7,4.389233589172363
949,7,4.389233589172363
609,7,4.388985633850098
659,7,4.385437965393066
825,7,4.385437965393066
878,7,4.385437965393066
1110,7,4.385437965393066
935,7,4.379931449890137
707,7,4.37984037399292
890,7,4.371042251586914
930,7,4.371042251586914
995,7,4.371042251586914
1085,7,4.371042251586914
1120,7,4.371042251586914
703,7,4.36302375793457
899,7,4.353371620178223
547,7,4.3474297523498535
1044,7,4.338109970092773
833,7,4.330133438110352
852,7,4.3097100257873535
1115,7,4.308370590209961
836,7,4.299629211425781
772,7,4.299330234527588
734,7,4.293956756591797
1007,7,4.293956756591797
1130,7,4.293956756591797
1015,7,4.285407066345215
742,7,4.279851913452148
816,7,4.279851913452148
873,7,4.279851913452148
645,7,4.267375469207764
1074,7,4.266172885894775
761,7,4.2625956535339355
1155,7,4.2625956535339355
642,7,4.246925354003906
912,7,4.246325969696045
757,7,4.230436325073242
1128,7,4.22979736328125
592,7,4.224327087402344
1147,7,4.217898368835449
1091,7,4.216830253601074
687,7,4.215951442718506
814,7,4.215951442718506
838,7,4.215951442718506
896,7,4.215951442718506
926,7,4.215951442718506
1055,7,4.215951442718506
1119,7,4.215951442718506
706,7,4.200919151306152
829,7,4.191341400146484
725,7,4.184682369232178
858,7,4.179313659667969
600,7,4.172544956207275
1072,7,4.172464847564697
1112,7,4.169931411743164
728,7,4.157095909118652
821,7,4.148980617523193
1027,7,4.145793437957764
962,7,4.137144088745117
1113,7,4.133652210235596
647,7,4.132122039794922
708,7,4.131075382232666
589,7,4.127029895782471
1087,7,4.113293647766113
802,7,4.1082305908203125
871,7,4.103764057159424
1067,7,4.103764057159424
1029,7,4.103245258331299
736,7,4.096736431121826
1012,7,4.088834762573242
1063,7,4.087132453918457
893,7,4.08556604385376
1143,7,4.081793785095215
697,7,4.075348854064941
840,7,4.075348854064941
674,7,4.074474811553955
608,7,4.068534851074219
910,7,4.061716556549072
928,7,4.020931720733643
801,7,4.018103122711182
1030,7,4.010692596435547
766,7,4.002481460571289
1154,7,4.002480506896973
903,7,3.9969918727874756
1061,7,3.9953720569610596
1153,7,3.9759411811828613
1056,7,3.967465877532959
841,7,3.9501819610595703
684,7,3.9450175762176514
1093,7,3.936781644821167
865,7,3.9254274368286133
605,7,3.9080874919891357
619,7,3.9080874919891357
960,7,3.9080874919891357
977,7,3.9080874919891357
1004,7,3.9080874919891357
1014,7,3.9080874919891357
1043,7,3.9080874919891357
1092,7,3.9080874919891357
993,7,3.905405282974243
988,7,3.903813123703003
594,7,3.898524045944214
1069,7,3.8984508514404297
984,7,3.894469976425171
862,7,3.889370918273926
556,7,3.8850502967834473
597,7,3.884876012802124
658,7,3.884876012802124
788,7,3.884876012802124
991,7,3.884876012802124
1134,7,3.884876012802124
845,7,3.8783488273620605
337,6,3.8428452014923096
1024,7,3.842410087585449
599,7,3.840920925140381
618,7,3.840920925140381
957,7,3.840920925140381
593,7,3.8280324935913086
768,7,3.8214125633239746
771,7,3.799971342086792
1158,7,3.786024570465088
1107,7,3.7819066047668457
859,7,3.7797348499298096
861,7,3.777364730834961
634,7,3.7528889179229736
544,7,3.7341582775115967
823,7,3.7121119499206543
1097,7,3.708664894104004
874,7,3.691258192062378
807,7,3.6730153560638428
601,7,3.6722874641418457
540,7,3.668701410293579
614,7,3.668701410293579
739,7,3.668701410293579
799,7,3.668701410293579
811,7,3.668701410293579
872,7,3.668701410293579
925,7,3.668701410293579
1048,7,3.668701410293579
1126,7,3.668701410293579
1148,7,3.668701410293579
1090,7,3.6560354232788086
670,7,3.6520702838897705
611,7,3.613095760345459
1127,7,3.6084744930267334
762,7,3.594574451446533
806,7,3.594574451446533
881,7,3.594574451446533
898,7,3.594574451446533
837,7,3.5880544185638428
541,7,3.582263231277466
653,7,3.582263231277466
879,7,3.582263231277466
588,7,3.569753646850586
1040,7,3.568254232406616
884,7,3.561718225479126
971,7,3.554805278778076
557,7,3.540985345840454
639,7,3.532381772994995
704,7,3.531629800796509
681,7,3.514277696609497
983,7,3.5011634826660156
940,7,3.484755516052246
1049,7,3.484755516052246
1157,7,3.463435173034668
545,7,3.4634346961975098
655,7,3.4634346961975098
679,7,3.4634346961975098
791,7,3.4634346961975098
797,7,3.4634346961975098
817,7,3.4634346961975098
868,7,3.4634346961975098
877,7,3.4634346961975098
958,7,3.4634346961975098
1066,7,3.4634346961975098
1111,7,3.4634346961975098
620,7,3.452807903289795
921,7,3.452807903289795
1019,7,3.4506449699401855
729,7,3.434134006500244
1045,7,3.429867744445801
660,7,3.406956434249878
938,7,3.394989252090454
1016,7,3.3907470703125
1104,7,3.3820085525512695
1054,7,3.3811843395233154
747,7,3.37089204788208
143,2,3.364248514175415
864,7,3.3544960021972656
668,7,3.353356122970581
575,7,3.349097728729248
975,7,3.341376543045044
732,7,3.3291945457458496
992,7,3.3291945457458496
931,7,3.3149051666259766
400,0,3.311527967453003
650,7,3.2788429260253906
909,7,3.2504446506500244
756,7,3.213183879852295
1146,7,3.2013542652130127
1052,7,3.1983461380004883
1137,7,3.187201976776123
628,7,3.183791399002075
1022,7,3.1649861335754395
1028,7,3.132899522781372
953,7,3.1145107746124268
629,7,3.087642192840576
1023,7,3.0852527618408203
889,7,3.0843446254730225
1003,7,3.0843446254730225
1070,7,3.0843446254730225
929,7,3.0428671836853027
1123,7,3.0428671836853027
906,7,3.0293941497802734
981,7,3.0267422199249268
969,7,3.0115458965301514
743,7,3.010931968688965
637,7,3.0046041011810303
777,7,2.968353748321533
810,7,2.9280354976654053
934,7,2.9258930683135986
961,7,2.919414758682251
876,7,2.905458450317383
892,7,2.8981308937072754
1131,7,2.8858253955841064
656,7,2.871950387954712
883,7,2.857919216156006
613,7,2.850487232208252
1136,7,2.808697462081909
826,7,2.786846876144409
1038,7,2.78261137008667
1008,7,2.7730352878570557
88,2,2.7646195888519287
842,7,2.734746217727661
1124,7,2.734746217727661
1041,7,2.728968858718872
805,7,2.7200589179992676
885,7,2.7014057636260986
636,7,2.662097454071045
673,7,2.631586790084839
759,7,2.6050710678100586
553,7,2.5798757076263428
573,7,2.5798757076263428
578,7,2.5690176486968994
1101,7,2.5690176486968994
1051,7,2.566971778869629
633,7,2.533250570297241
1138,7,2.533250570297241
945,7,2.527787446975708
819,7,2.506493091583252
1035,7,2.4822704792022705
1006,7,2.4455833435058594
1088,7,2.4454843997955322
914,7,2.4169275760650635
887,7,2.393035411834717
701,7,2.3908872604370117
1114,7,2.363663673400879
641,7,2.353867530822754
155,2,2.3123745918273926
737,7,2.255204200744629
808,7,2.2474679946899414
164,0,2.2337305545806885
165,0,2.2337305545806885
166,0,2.2337305545806885
167,0,2.2337305545806885
168,0,2.2337305545806885
169,0,2.2337305545806885
170,0,2.2337305545806885
171,0,2.2337305545806885
172,0,2.2337305545806885
173,0,2.2337305545806885
174,0,2.2337305545806885
175,0,2.2337305545806885
176,0,2.2337305545806885
177,0,2.2337305545806885
178,0,2.2337305545806885
179,0,2.2337305545806885
180,0,2.2337305545806885
181,0,2.2337305545806885
182,0,2.2337305545806885
183,0,2.2337305545806885
184,0,2.2337305545806885
185,0,2.2337305545806885
186,0,2.2337305545806885
187,0,2.2337305545806885
188,0,2.2337305545806885
189,0,2.2337305545806885
193,0,2.2337305545806885
197,0,2.2337305545806885
198,0,2.2337305545806885
199,0,2.2337305545806885
200,0,2.2337305545806885
201,0,2.2337305545806885
202,0,2.2337305545806885
213,0,2.2337305545806885
214,0,2.2337305545806885
237,0,2.2337305545806885
238,0,2.2337305545806885
239,0,2.2337305545806885
240,0,2.2337305545806885
241,0,2.2337305545806885
242,0,2.2337305545806885
253,0,2.2337305545806885
254,0,2.2337305545806885
255,0,2.2337305545806885
256,0,2.2337305545806885
257,0,2.2337305545806885
258,0,2.2337305545806885
262,0,2.2337305545806885
263,0,2.2337305545806885
264,0,2.2337305545806885
265,0,2.2337305545806885
266,0,2.2337305545806885
269,0,2.2337305545806885
270,0,2.2337305545806885
324,0,2.2337305545806885
327,0,2.2337305545806885
368,0,2.2337305545806885
369,0,2.2337305545806885
370,0,2.2337305545806885
371,0,2.2337305545806885
372,0,2.2337305545806885
373,0,2.2337305545806885
383,0,2.2337305545806885
384,0,2.2337305545806885
385,0,2.2337305545806885
386,0,2.2337305545806885
387,0,2.2337305545806885
388,0,2.2337305545806885
393,0,2.2337305545806885
394,0,2.2337305545806885
395,0,2.2337305545806885
396,0,2.2337305545806885
397,0,2.2337305545806885
401,0,2.2337305545806885
402,0,2.2337305545806885
428,0,2.2337305545806885
431,0,2.2337305545806885
437,0,2.2337305545806885
438,0,2.2337305545806885
439,0,2.2337305545806885
440,0,2.2337305545806885
441,0,2.2337305545806885
442,0,2.2337305545806885
452,0,2.2337305545806885
453,0,2.2337305545806885
454,0,2.2337305545806885
455,0,2.2337305545806885
456,0,2.2337305545806885
457,0,2.2337305545806885
461,0,2.2337305545806885
462,0,2.2337305545806885
463,0,2.2337305545806885
464,0,2.2337305545806885
465,0,2.2337305545806885
468,0,2.2337305545806885
469,0,2.2337305545806885
534,0,2.2337305545806885
158,0,2.2276554107666016
1077,7,2.226433515548706
572,7,2.2002034187316895
630,7,2.2002034187316895
972,7,2.1039416790008545
1009,7,2.1039416790008545
1098,7,2.1039416790008545
1106,7,2.1039416790008545
562,7,1.9297415018081665
719,7,1.9015048742294312
767,7,1.9015048742294312
812,7,1.9015048742294312
932,7,1.8899627923965454
974,7,1.8562421798706055
1133,7,1.8104749917984009
943,7,1.7298626899719238
154,2,1.6995803117752075
565,7,1.6391968727111816
646,7,1.6391968727111816
671,7,1.6391968727111816
867,7,1.6391968727111816
946,7,1.6391968727111816
2,2,1.4832605123519897
1032,7,1.2124933004379272
8,2,1.1296526193618774
136,2,1.0688607692718506
16,2,0.9953358173370361
148,2,0.9953358173370361
3,2,0.9479814767837524
18,2,0.9427826404571533
125,2,0.8799062967300415
141,2,0.8541271090507507
1,2,0.8143177032470703
144,2,0.7825228571891785
15,2,0.7387397885322571
23,2,0.6571670770645142
156,2,0.5796330571174622
146,2,0.5704521536827087
159,2,0.5248464345932007
149,2,0.4857422113418579
150,2,0.4536896347999573
26,2,0.4482600688934326
273,2,0.4361952841281891
0,2,0.4273724853992462
151,2,0.42059120535850525
24,2,0.4134291708469391
272,2,0.39171645045280457
153,2,0.39065808057785034
89,2,0.3762069642543793
17,2,0.3577596843242645
14,2,0.35549649596214294
101,2,0.35549649596214294
123,2,0.3329819142818451
160,2,0.3329819142818451
21,2,0.3215949833393097
6,2,0.3188851475715637
137,2,0.3188851475715637
145,2,0.3152056336402893
100,2,0.3048366606235504
161,2,0.3028493821620941
19,0,0.2944812774658203
86,0,0.2944812774658203
98,0,0.2944812774658203
127,0,0.2944812774658203
128,0,0.2944812774658203
162,0,0.2944812774658203
194,0,0.2944812774658203
279,0,0.2944812774658203
280,0,0.2944812774658203
296,0,0.2944812774658203
331,0,0.2944812774658203
350,0,0.2944812774658203
407,0,0.2944812774658203
410,0,0.2944812774658203
429,0,0.2944812774658203
432,0,0.2944812774658203
460,0,0.2944812774658203
473,0,0.2944812774658203
477,0,0.2944812774658203
483,0,0.2944812774658203
484,0,0.2944812774658203
485,0,0.2944812774658203
507,0,0.2944812774658203
533,0,0.2944812774658203
96,2,0.2857992649078369
138,2,0.272593230009079
147,2,0.26440414786338806
22,2,0.2473314255475998
135,2,0.24303390085697174
7,2,0.23191049695014954
13,2,0.23191049695014954
537,0,0.23017674684524536
87,2,0.22574709355831146
9,2,0.21766312420368195
11,2,0.21460393071174622
25,2,0.21434254944324493
5,2,0.2114243358373642
157,2,0.21121419966220856
152,2,0.21069194376468658
195,0,0.20287060737609863
196,0,0.20287060737609863
212,0,0.20287060737609863
219,0,0.20287060737609863
220,0,0.20287060737609863
221,0,0.20287060737609863
222,0,0.20287060737609863
226,0,0.20287060737609863
229,0,0.20287060737609863
231,0,0.20287060737609863
233,0,0.20287060737609863
234,0,0.20287060737609863
235,0,0.20287060737609863
236,0,0.20287060737609863
252,0,0.20287060737609863
259,0,0.20287060737609863
261,0,0.20287060737609863
274,0,0.20287060737609863
275,0,0.20287060737609863
276,0,0.20287060737609863
142,2,0.1592598408460617
134,0,0.1567489355802536
102,2,0.1534132957458496
27,0,0.14472419023513794
28,0,0.14472419023513794
29,0,0.14472419023513794
30,0,0.14472419023513794
31,0,0.14472419023513794
32,0,0.14472419023513794
33,0,0.14472419023513794
34,0,0.14472419023513794
35,0,0.14472419023513794
36,0,0.14472419023513794
37,0,0.14472419023513794
38,0,0.14472419023513794
39,0,0.14472419023513794
40,0,0.14472419023513794
41,0,0.14472419023513794
42,0,0.14472419023513794
43,0,0.14472419023513794
44,0,0.14472419023513794
45,0,0.14472419023513794
46,0,0.14472419023513794
47,0,0.14472419023513794
48,0,0.14472419023513794
49,0,0.14472419023513794
50,0,0.14472419023513794
51,0,0.14472419023513794
52,0,0.14472419023513794
53,0,0.14472419023513794
54,0,0.14472419023513794
55,0,0.14472419023513794
56,0,0.14472419023513794
57,0,0.14472419023513794
58,0,0.14472419023513794
59,0,0.14472419023513794
60,0,0.14472419023513794
61,0,0.14472419023513794
62,0,0.14472419023513794
63,0,0.14472419023513794
64,0,0.14472419023513794
65,0,0.14472419023513794
66,0,0.14472419023513794
67,0,0.14472419023513794
68,0,0.14472419023513794
69,0,0.14472419023513794
70,0,0.14472419023513794
71,0,0.14472419023513794
72,0,0.14472419023513794
73,0,0.14472419023513794
74,0,0.14472419023513794
75,0,0.14472419023513794
76,0,0.14472419023513794
77,0,0.14472419023513794
78,0,0.14472419023513794
79,0,0.14472419023513794
80,0,0.14472419023513794
81,0,0.14472419023513794
82,0,0.14472419023513794
83,0,0.14472419023513794
84,0,0.14472419023513794
85,0,0.14472419023513794
90,0,0.14472419023513794
91,0,0.14472419023513794
97,0,0.14472419023513794
99,0,0.14472419023513794
103,0,0.14472419023513794
104,0,0.14472419023513794
106,0,0.14472419023513794
107,0,0.14472419023513794
108,0,0.14472419023513794
110,0,0.14472419023513794
111,0,0.14472419023513794
112,0,0.14472419023513794
113,0,0.14472419023513794
114,0,0.14472419023513794
115,0,0.14472419023513794
116,0,0.14472419023513794
117,0,0.14472419023513794
118,0,0.14472419023513794
119,0,0.14472419023513794
124,0,0.14472419023513794
129,0,0.14472419023513794
130,0,0.14472419023513794
131,0,0.14472419023513794
132,0,0.14472419023513794
133,0,0.14472419023513794
190,0,0.14472419023513794
191,0,0.14472419023513794
192,0,0.14472419023513794
228,0,0.14472419023513794
230,0,0.14472419023513794
232,0,0.14472419023513794
282,0,0.14472419023513794
283,0,0.14472419023513794
284,0,0.14472419023513794
285,0,0.14472419023513794
286,0,0.14472419023513794
287,0,0.14472419023513794
288,0,0.14472419023513794
289,0,0.14472419023513794
290,0,0.14472419023513794
293,0,0.14472419023513794
294,0,0.14472419023513794
295,0,0.14472419023513794
297,0,0.14472419023513794
298,0,0.14472419023513794
299,0,0.14472419023513794
300,0,0.14472419023513794
301,0,0.14472419023513794
302,0,0.14472419023513794
303,0,0.14472419023513794
304,0,0.14472419023513794
305,0,0.14472419023513794
314,0,0.14472419023513794
316,0,0.14472419023513794
317,0,0.14472419023513794
318,0,0.14472419023513794
319,0,0.14472419023513794
320,0,0.14472419023513794
321,0,0.14472419023513794
322,0,0.14472419023513794
323,0,0.14472419023513794
332,0,0.14472419023513794
333,0,0.14472419023513794
334,0,0.14472419023513794
335,0,0.14472419023513794
336,0,0.14472419023513794
338,0,0.14472419023513794
343,0,0.14472419023513794
344,0,0.14472419023513794
345,0,0.14472419023513794
346,0,0.14472419023513794
348,0,0.14472419023513794
356,0,0.14472419023513794
357,0,0.14472419023513794
358,0,0.14472419023513794
359,0,0.14472419023513794
367,0,0.14472419023513794
392,0,0.14472419023513794
406,0,0.14472419023513794
408,0,0.14472419023513794
415,0,0.14472419023513794
416,0,0.14472419023513794
417,0,0.14472419023513794
418,0,0.14472419023513794
419,0,0.14472419023513794
420,0,0.14472419023513794
424,0,0.14472419023513794
427,0,0.14472419023513794
433,0,0.14472419023513794
434,0,0.14472419023513794
435,0,0.14472419023513794
459,0,0.14472419023513794
471,0,0.14472419023513794
472,0,0.14472419023513794
479,0,0.14472419023513794
493,0,0.14472419023513794
499,0,0.14472419023513794
500,0,0.14472419023513794
501,0,0.14472419023513794
502,0,0.14472419023513794
503,0,0.14472419023513794
504,0,0.14472419023513794
505,0,0.14472419023513794
506,0,0.14472419023513794
508,0,0.14472419023513794
509,0,0.14472419023513794
510,0,0.14472419023513794
512,0,0.14472419023513794
516,0,0.14472419023513794
517,0,0.14472419023513794
518,0,0.14472419023513794
519,0,0.14472419023513794
520,0,0.14472419023513794
530,0,0.14472419023513794
531,0,0.14472419023513794
532,0,0.14472419023513794
535,0,0.14472419023513794
536,0,0.14472419023513794
389,0,0.04003937542438507
