sample_idx,real_label,min_dis
368,2,32.90268325805664
30,1,30.515737533569336
41,1,30.515737533569336
55,1,30.515737533569336
56,1,30.515737533569336
57,1,30.515737533569336
66,1,30.515737533569336
85,1,30.515737533569336
168,1,30.515737533569336
206,1,30.515737533569336
274,1,29.045978546142578
391,1,29.045978546142578
213,2,28.06023406982422
271,1,26.519426345825195
176,1,26.20029067993164
115,2,25.41730499267578
212,2,25.135692596435547
392,2,25.135692596435547
423,2,25.135692596435547
341,1,25.038616180419922
410,2,23.45622444152832
414,2,21.54248809814453
199,1,20.465904235839844
40,1,19.962989807128906
231,2,19.175331115722656
158,2,19.081832885742188
149,2,18.23600959777832
121,2,17.092144012451172
175,1,17.0460262298584
466,6,16.93244743347168
22,2,16.745708465576172
312,2,16.477991104125977
156,2,16.262287139892578
419,2,16.257720947265625
243,6,16.058549880981445
412,2,15.63147258758545
401,2,15.400099754333496
157,2,14.897485733032227
377,1,14.81206226348877
100,1,14.562612533569336
380,2,14.450689315795898
358,2,14.401633262634277
367,2,14.401633262634277
476,1,14.374105453491211
347,2,14.36918830871582
141,2,14.24805736541748
430,1,14.236786842346191
254,2,14.186149597167969
54,2,14.102973937988281
379,2,14.086971282958984
227,2,13.979342460632324
139,2,13.970463752746582
249,2,13.970463752746582
170,2,13.754999160766602
195,1,13.701258659362793
47,1,13.684279441833496
49,1,13.684279441833496
72,2,13.661323547363281
203,1,13.608745574951172
204,1,13.608745574951172
205,1,13.608745574951172
232,1,13.608745574951172
233,1,13.608745574951172
281,1,13.608745574951172
378,2,13.569360733032227
171,2,13.526700973510742
435,1,13.517218589782715
257,2,13.51633071899414
135,1,13.36827278137207
292,1,13.227336883544922
399,2,13.118544578552246
163,2,13.054919242858887
247,1,13.03604793548584
350,2,12.994096755981445
361,2,12.994096755981445
403,2,12.992804527282715
422,1,12.954747200012207
128,1,12.920716285705566
68,2,12.918259620666504
394,2,12.897799491882324
335,2,12.869192123413086
319,1,12.841873168945312
390,1,12.841873168945312
440,1,12.841873168945312
474,1,12.841873168945312
352,2,12.822484016418457
250,2,12.812544822692871
415,2,12.805519104003906
293,1,12.720252990722656
144,2,12.717961311340332
628,7,12.64198112487793
148,2,12.632478713989258
28,1,12.617332458496094
78,1,12.613161087036133
114,1,12.613161087036133
269,1,12.606200218200684
404,2,12.581161499023438
653,7,12.558686256408691
88,2,12.52877426147461
218,2,12.509739875793457
13,1,12.500748634338379
159,2,12.498956680297852
477,1,12.464521408081055
279,1,12.427288055419922
307,1,12.425680160522461
428,1,12.425680160522461
165,2,12.422582626342773
437,1,12.413125038146973
207,1,12.316110610961914
202,1,12.288824081420898
357,2,12.266071319580078
46,1,12.261906623840332
248,2,12.243026733398438
140,2,12.205345153808594
290,1,12.189311027526855
313,1,12.14358901977539
359,1,12.100933074951172
324,2,12.098393440246582
110,1,12.098217964172363
291,1,12.082694053649902
225,2,12.057594299316406
364,2,12.029518127441406
409,2,12.029518127441406
36,1,11.971749305725098
52,1,11.903059959411621
389,1,11.89886474609375
164,2,11.898225784301758
23,2,11.886370658874512
465,1,11.885213851928711
436,1,11.88325023651123
365,2,11.863667488098145
125,1,11.855671882629395
306,1,11.834028244018555
94,1,11.802933692932129
236,1,11.802933692932129
1135,7,11.779687881469727
117,2,11.769133567810059
273,1,11.735377311706543
427,1,11.72403621673584
229,2,11.711668014526367
385,1,11.707892417907715
230,2,11.671953201293945
1272,7,11.614706039428711
82,1,11.605443000793457
83,1,11.588814735412598
51,1,11.587774276733398
74,1,11.578217506408691
75,1,11.578217506408691
131,1,11.534314155578613
811,7,11.520626068115234
819,7,11.520626068115234
1022,7,11.520626068115234
1037,7,11.520626068115234
136,1,11.509936332702637
137,1,11.509936332702637
924,7,11.487287521362305
1271,7,11.487287521362305
245,1,11.4832763671875
106,1,11.420324325561523
134,1,11.420324325561523
35,1,11.41601848602295
150,1,11.41601848602295
298,1,11.41601848602295
356,2,11.413212776184082
253,2,11.399471282958984
429,1,11.388044357299805
433,1,11.379739761352539
222,1,11.356569290161133
223,1,11.356569290161133
224,1,11.356569290161133
353,1,11.342286109924316
340,2,11.320823669433594
80,1,11.299813270568848
345,1,11.245680809020996
309,1,11.24551773071289
381,1,11.24551773071289
32,2,11.245345115661621
426,1,11.222444534301758
441,1,11.222444534301758
444,1,11.222444534301758
446,1,11.222444534301758
453,1,11.222444534301758
116,1,11.21003246307373
145,1,11.21003246307373
438,1,11.206637382507324
724,7,11.200116157531738
226,2,11.196939468383789
584,7,11.17807388305664
270,2,11.164170265197754
745,7,11.144197463989258
172,1,11.136693000793457
1102,7,11.126262664794922
59,1,11.11832046508789
184,1,11.11832046508789
50,1,11.072287559509277
1354,7,11.071206092834473
529,7,11.05727481842041
631,7,11.05727481842041
898,7,11.05727481842041
906,7,11.05727481842041
665,7,10.985663414001465
705,7,10.985663414001465
79,1,10.955656051635742
417,2,10.945984840393066
337,2,10.924756050109863
375,1,10.881193161010742
487,7,10.861664772033691
512,7,10.861664772033691
530,7,10.861664772033691
534,7,10.861664772033691
586,7,10.861664772033691
636,7,10.861664772033691
674,7,10.861664772033691
712,7,10.861664772033691
728,7,10.861664772033691
741,7,10.861664772033691
791,7,10.861664772033691
796,7,10.861664772033691
843,7,10.861664772033691
851,7,10.861664772033691
870,7,10.861664772033691
885,7,10.861664772033691
891,7,10.861664772033691
899,7,10.861664772033691
910,7,10.861664772033691
930,7,10.861664772033691
968,7,10.861664772033691
970,7,10.861664772033691
1004,7,10.861664772033691
1006,7,10.861664772033691
1013,7,10.861664772033691
1024,7,10.861664772033691
1030,7,10.861664772033691
1038,7,10.861664772033691
1071,7,10.861664772033691
1116,7,10.861664772033691
1132,7,10.861664772033691
1138,7,10.861664772033691
1141,7,10.861664772033691
1175,7,10.861664772033691
1180,7,10.861664772033691
1204,7,10.861664772033691
1213,7,10.861664772033691
1229,7,10.861664772033691
1232,7,10.861664772033691
1244,7,10.861664772033691
1254,7,10.861664772033691
1291,7,10.861664772033691
1304,7,10.861664772033691
1330,7,10.861664772033691
1341,7,10.861664772033691
1350,7,10.861664772033691
1357,7,10.861664772033691
1365,7,10.861664772033691
1392,7,10.861664772033691
1399,7,10.861664772033691
402,2,10.855637550354004
348,2,10.793099403381348
526,7,10.780303001403809
903,7,10.780303001403809
1057,7,10.750553131103516
87,2,10.749472618103027
405,2,10.722211837768555
15,1,10.719674110412598
965,7,10.706388473510742
875,7,10.703208923339844
482,7,10.698092460632324
485,7,10.698092460632324
488,7,10.698092460632324
537,7,10.698092460632324
538,7,10.698092460632324
582,7,10.698092460632324
643,7,10.698092460632324
725,7,10.698092460632324
735,7,10.698092460632324
774,7,10.698092460632324
807,7,10.698092460632324
817,7,10.698092460632324
859,7,10.698092460632324
886,7,10.698092460632324
893,7,10.698092460632324
907,7,10.698092460632324
915,7,10.698092460632324
948,7,10.698092460632324
985,7,10.698092460632324
1014,7,10.698092460632324
1055,7,10.698092460632324
1128,7,10.698092460632324
1154,7,10.698092460632324
1172,7,10.698092460632324
1200,7,10.698092460632324
1295,7,10.698092460632324
1301,7,10.698092460632324
1384,7,10.698092460632324
147,2,10.6816987991333
678,7,10.649455070495605
621,7,10.632519721984863
162,2,10.61814022064209
1170,7,10.611851692199707
518,7,10.589746475219727
909,7,10.589746475219727
480,7,10.582515716552734
483,7,10.582515716552734
493,7,10.582515716552734
494,7,10.582515716552734
495,7,10.582515716552734
496,7,10.582515716552734
504,7,10.582515716552734
506,7,10.582515716552734
507,7,10.582515716552734
511,7,10.582515716552734
519,7,10.582515716552734
521,7,10.582515716552734
523,7,10.582515716552734
536,7,10.582515716552734
543,7,10.582515716552734
544,7,10.582515716552734
550,7,10.582515716552734
553,7,10.582515716552734
559,7,10.582515716552734
563,7,10.582515716552734
566,7,10.582515716552734
569,7,10.582515716552734
570,7,10.582515716552734
574,7,10.582515716552734
577,7,10.582515716552734
578,7,10.582515716552734
581,7,10.582515716552734
583,7,10.582515716552734
591,7,10.582515716552734
593,7,10.582515716552734
600,7,10.582515716552734
605,7,10.582515716552734
606,7,10.582515716552734
607,7,10.582515716552734
608,7,10.582515716552734
611,7,10.582515716552734
613,7,10.582515716552734
620,7,10.582515716552734
623,7,10.582515716552734
626,7,10.582515716552734
630,7,10.582515716552734
637,7,10.582515716552734
638,7,10.582515716552734
646,7,10.582515716552734
647,7,10.582515716552734
649,7,10.582515716552734
656,7,10.582515716552734
657,7,10.582515716552734
661,7,10.582515716552734
662,7,10.582515716552734
663,7,10.582515716552734
664,7,10.582515716552734
667,7,10.582515716552734
668,7,10.582515716552734
671,7,10.582515716552734
672,7,10.582515716552734
676,7,10.582515716552734
680,7,10.582515716552734
683,7,10.582515716552734
684,7,10.582515716552734
685,7,10.582515716552734
690,7,10.582515716552734
695,7,10.582515716552734
701,7,10.582515716552734
704,7,10.582515716552734
710,7,10.582515716552734
713,7,10.582515716552734
718,7,10.582515716552734
719,7,10.582515716552734
722,7,10.582515716552734
726,7,10.582515716552734
729,7,10.582515716552734
731,7,10.582515716552734
732,7,10.582515716552734
736,7,10.582515716552734
742,7,10.582515716552734
747,7,10.582515716552734
750,7,10.582515716552734
751,7,10.582515716552734
757,7,10.582515716552734
759,7,10.582515716552734
761,7,10.582515716552734
763,7,10.582515716552734
765,7,10.582515716552734
767,7,10.582515716552734
768,7,10.582515716552734
770,7,10.582515716552734
773,7,10.582515716552734
776,7,10.582515716552734
777,7,10.582515716552734
780,7,10.582515716552734
790,7,10.582515716552734
794,7,10.582515716552734
801,7,10.582515716552734
802,7,10.582515716552734
803,7,10.582515716552734
804,7,10.582515716552734
813,7,10.582515716552734
818,7,10.582515716552734
820,7,10.582515716552734
829,7,10.582515716552734
830,7,10.582515716552734
831,7,10.582515716552734
833,7,10.582515716552734
835,7,10.582515716552734
837,7,10.582515716552734
844,7,10.582515716552734
845,7,10.582515716552734
846,7,10.582515716552734
856,7,10.582515716552734
858,7,10.582515716552734
860,7,10.582515716552734
861,7,10.582515716552734
863,7,10.582515716552734
879,7,10.582515716552734
882,7,10.582515716552734
883,7,10.582515716552734
894,7,10.582515716552734
900,7,10.582515716552734
913,7,10.582515716552734
917,7,10.582515716552734
919,7,10.582515716552734
922,7,10.582515716552734
923,7,10.582515716552734
925,7,10.582515716552734
926,7,10.582515716552734
933,7,10.582515716552734
935,7,10.582515716552734
936,7,10.582515716552734
941,7,10.582515716552734
943,7,10.582515716552734
944,7,10.582515716552734
946,7,10.582515716552734
949,7,10.582515716552734
955,7,10.582515716552734
956,7,10.582515716552734
957,7,10.582515716552734
974,7,10.582515716552734
978,7,10.582515716552734
987,7,10.582515716552734
994,7,10.582515716552734
997,7,10.582515716552734
1000,7,10.582515716552734
1003,7,10.582515716552734
1008,7,10.582515716552734
1011,7,10.582515716552734
1020,7,10.582515716552734
1027,7,10.582515716552734
1029,7,10.582515716552734
1034,7,10.582515716552734
1036,7,10.582515716552734
1041,7,10.582515716552734
1042,7,10.582515716552734
1043,7,10.582515716552734
1045,7,10.582515716552734
1046,7,10.582515716552734
1049,7,10.582515716552734
1050,7,10.582515716552734
1056,7,10.582515716552734
1070,7,10.582515716552734
1073,7,10.582515716552734
1075,7,10.582515716552734
1082,7,10.582515716552734
1083,7,10.582515716552734
1085,7,10.582515716552734
1086,7,10.582515716552734
1087,7,10.582515716552734
1090,7,10.582515716552734
1091,7,10.582515716552734
1093,7,10.582515716552734
1095,7,10.582515716552734
1097,7,10.582515716552734
1098,7,10.582515716552734
1100,7,10.582515716552734
1106,7,10.582515716552734
1109,7,10.582515716552734
1111,7,10.582515716552734
1112,7,10.582515716552734
1114,7,10.582515716552734
1118,7,10.582515716552734
1126,7,10.582515716552734
1127,7,10.582515716552734
1139,7,10.582515716552734
1140,7,10.582515716552734
1148,7,10.582515716552734
1149,7,10.582515716552734
1151,7,10.582515716552734
1155,7,10.582515716552734
1157,7,10.582515716552734
1160,7,10.582515716552734
1161,7,10.582515716552734
1162,7,10.582515716552734
1174,7,10.582515716552734
1176,7,10.582515716552734
1177,7,10.582515716552734
1179,7,10.582515716552734
1181,7,10.582515716552734
1184,7,10.582515716552734
1190,7,10.582515716552734
1196,7,10.582515716552734
1197,7,10.582515716552734
1199,7,10.582515716552734
1202,7,10.582515716552734
1206,7,10.582515716552734
1216,7,10.582515716552734
1220,7,10.582515716552734
1223,7,10.582515716552734
1225,7,10.582515716552734
1226,7,10.582515716552734
1231,7,10.582515716552734
1233,7,10.582515716552734
1235,7,10.582515716552734
1243,7,10.582515716552734
1247,7,10.582515716552734
1248,7,10.582515716552734
1250,7,10.582515716552734
1251,7,10.582515716552734
1255,7,10.582515716552734
1257,7,10.582515716552734
1259,7,10.582515716552734
1260,7,10.582515716552734
1261,7,10.582515716552734
1267,7,10.582515716552734
1273,7,10.582515716552734
1275,7,10.582515716552734
1279,7,10.582515716552734
1280,7,10.582515716552734
1284,7,10.582515716552734
1288,7,10.582515716552734
1289,7,10.582515716552734
1290,7,10.582515716552734
1292,7,10.582515716552734
1297,7,10.582515716552734
1302,7,10.582515716552734
1305,7,10.582515716552734
1306,7,10.582515716552734
1307,7,10.582515716552734
1308,7,10.582515716552734
1309,7,10.582515716552734
1311,7,10.582515716552734
1313,7,10.582515716552734
1316,7,10.582515716552734
1321,7,10.582515716552734
1323,7,10.582515716552734
1328,7,10.582515716552734
1331,7,10.582515716552734
1332,7,10.582515716552734
1335,7,10.582515716552734
1337,7,10.582515716552734
1338,7,10.582515716552734
1339,7,10.582515716552734
1342,7,10.582515716552734
1356,7,10.582515716552734
1359,7,10.582515716552734
1360,7,10.582515716552734
1370,7,10.582515716552734
1372,7,10.582515716552734
1374,7,10.582515716552734
1375,7,10.582515716552734
1377,7,10.582515716552734
1382,7,10.582515716552734
1385,7,10.582515716552734
1386,7,10.582515716552734
1388,7,10.582515716552734
1389,7,10.582515716552734
1390,7,10.582515716552734
1395,7,10.582515716552734
1396,7,10.582515716552734
1397,7,10.582515716552734
188,1,10.571094512939453
189,1,10.571094512939453
190,1,10.571094512939453
431,1,10.557839393615723
71,2,10.527128219604492
393,2,10.503889083862305
27,1,10.503605842590332
549,7,10.489433288574219
557,7,10.489433288574219
641,7,10.489433288574219
694,7,10.489433288574219
714,7,10.489433288574219
795,7,10.489433288574219
867,7,10.489433288574219
902,7,10.489433288574219
938,7,10.489433288574219
969,7,10.489433288574219
1189,7,10.489433288574219
1317,7,10.489433288574219
174,1,10.464422225952148
567,7,10.44369125366211
655,7,10.44369125366211
450,1,10.428946495056152
463,2,10.408095359802246
416,2,10.399892807006836
490,7,10.396943092346191
491,7,10.396943092346191
492,7,10.396943092346191
498,7,10.396943092346191
500,7,10.396943092346191
503,7,10.396943092346191
505,7,10.396943092346191
508,7,10.396943092346191
510,7,10.396943092346191
515,7,10.396943092346191
517,7,10.396943092346191
522,7,10.396943092346191
524,7,10.396943092346191
525,7,10.396943092346191
527,7,10.396943092346191
528,7,10.396943092346191
531,7,10.396943092346191
533,7,10.396943092346191
539,7,10.396943092346191
540,7,10.396943092346191
546,7,10.396943092346191
548,7,10.396943092346191
554,7,10.396943092346191
556,7,10.396943092346191
558,7,10.396943092346191
565,7,10.396943092346191
568,7,10.396943092346191
572,7,10.396943092346191
588,7,10.396943092346191
590,7,10.396943092346191
594,7,10.396943092346191
596,7,10.396943092346191
603,7,10.396943092346191
612,7,10.396943092346191
616,7,10.396943092346191
622,7,10.396943092346191
625,7,10.396943092346191
627,7,10.396943092346191
642,7,10.396943092346191
654,7,10.396943092346191
670,7,10.396943092346191
675,7,10.396943092346191
679,7,10.396943092346191
688,7,10.396943092346191
689,7,10.396943092346191
692,7,10.396943092346191
699,7,10.396943092346191
700,7,10.396943092346191
702,7,10.396943092346191
703,7,10.396943092346191
706,7,10.396943092346191
716,7,10.396943092346191
717,7,10.396943092346191
723,7,10.396943092346191
739,7,10.396943092346191
743,7,10.396943092346191
752,7,10.396943092346191
754,7,10.396943092346191
769,7,10.396943092346191
771,7,10.396943092346191
775,7,10.396943092346191
785,7,10.396943092346191
786,7,10.396943092346191
792,7,10.396943092346191
797,7,10.396943092346191
800,7,10.396943092346191
823,7,10.396943092346191
825,7,10.396943092346191
827,7,10.396943092346191
836,7,10.396943092346191
839,7,10.396943092346191
842,7,10.396943092346191
847,7,10.396943092346191
852,7,10.396943092346191
857,7,10.396943092346191
862,7,10.396943092346191
865,7,10.396943092346191
869,7,10.396943092346191
872,7,10.396943092346191
873,7,10.396943092346191
878,7,10.396943092346191
889,7,10.396943092346191
895,7,10.396943092346191
912,7,10.396943092346191
916,7,10.396943092346191
920,7,10.396943092346191
927,7,10.396943092346191
931,7,10.396943092346191
942,7,10.396943092346191
947,7,10.396943092346191
953,7,10.396943092346191
960,7,10.396943092346191
963,7,10.396943092346191
964,7,10.396943092346191
971,7,10.396943092346191
979,7,10.396943092346191
980,7,10.396943092346191
982,7,10.396943092346191
984,7,10.396943092346191
993,7,10.396943092346191
995,7,10.396943092346191
996,7,10.396943092346191
999,7,10.396943092346191
1002,7,10.396943092346191
1007,7,10.396943092346191
1019,7,10.396943092346191
1021,7,10.396943092346191
1023,7,10.396943092346191
1025,7,10.396943092346191
1026,7,10.396943092346191
1031,7,10.396943092346191
1039,7,10.396943092346191
1052,7,10.396943092346191
1061,7,10.396943092346191
1067,7,10.396943092346191
1068,7,10.396943092346191
1069,7,10.396943092346191
1078,7,10.396943092346191
1080,7,10.396943092346191
1084,7,10.396943092346191
1101,7,10.396943092346191
1103,7,10.396943092346191
1105,7,10.396943092346191
1110,7,10.396943092346191
1117,7,10.396943092346191
1120,7,10.396943092346191
1121,7,10.396943092346191
1122,7,10.396943092346191
1124,7,10.396943092346191
1131,7,10.396943092346191
1133,7,10.396943092346191
1134,7,10.396943092346191
1142,7,10.396943092346191
1144,7,10.396943092346191
1153,7,10.396943092346191
1158,7,10.396943092346191
1167,7,10.396943092346191
1173,7,10.396943092346191
1185,7,10.396943092346191
1201,7,10.396943092346191
1207,7,10.396943092346191
1209,7,10.396943092346191
1211,7,10.396943092346191
1212,7,10.396943092346191
1215,7,10.396943092346191
1217,7,10.396943092346191
1221,7,10.396943092346191
1230,7,10.396943092346191
1234,7,10.396943092346191
1239,7,10.396943092346191
1241,7,10.396943092346191
1245,7,10.396943092346191
1246,7,10.396943092346191
1253,7,10.396943092346191
1263,7,10.396943092346191
1282,7,10.396943092346191
1315,7,10.396943092346191
1318,7,10.396943092346191
1322,7,10.396943092346191
1324,7,10.396943092346191
1325,7,10.396943092346191
1327,7,10.396943092346191
1336,7,10.396943092346191
1344,7,10.396943092346191
1346,7,10.396943092346191
1348,7,10.396943092346191
1364,7,10.396943092346191
1366,7,10.396943092346191
1367,7,10.396943092346191
1369,7,10.396943092346191
1371,7,10.396943092346191
1391,7,10.396943092346191
1398,7,10.396943092346191
323,2,10.384449005126953
169,2,10.364700317382812
77,1,10.34559154510498
20,1,10.340261459350586
1015,7,10.317209243774414
990,7,10.292537689208984
809,7,10.290581703186035
105,1,10.250840187072754
1,2,10.249545097351074
12,1,10.238968849182129
305,1,10.169320106506348
421,2,10.167823791503906
564,7,10.14659595489502
787,7,10.14659595489502
808,7,10.14659595489502
832,7,10.14659595489502
374,1,10.131274223327637
386,2,10.130138397216797
1252,7,10.122584342956543
191,1,10.112188339233398
219,1,10.112188339233398
325,1,10.112188339233398
130,1,10.057063102722168
396,2,10.028904914855957
161,1,10.01884651184082
370,2,10.014277458190918
464,2,10.002237319946289
3,2,9.98379898071289
331,1,9.981111526489258
479,7,9.969022750854492
481,7,9.969022750854492
484,7,9.969022750854492
514,7,9.969022750854492
535,7,9.969022750854492
542,7,9.969022750854492
560,7,9.969022750854492
573,7,9.969022750854492
576,7,9.969022750854492
579,7,9.969022750854492
580,7,9.969022750854492
587,7,9.969022750854492
595,7,9.969022750854492
609,7,9.969022750854492
610,7,9.969022750854492
624,7,9.969022750854492
632,7,9.969022750854492
633,7,9.969022750854492
639,7,9.969022750854492
644,7,9.969022750854492
650,7,9.969022750854492
691,7,9.969022750854492
696,7,9.969022750854492
697,7,9.969022750854492
708,7,9.969022750854492
721,7,9.969022750854492
727,7,9.969022750854492
755,7,9.969022750854492
758,7,9.969022750854492
772,7,9.969022750854492
784,7,9.969022750854492
788,7,9.969022750854492
789,7,9.969022750854492
812,7,9.969022750854492
814,7,9.969022750854492
822,7,9.969022750854492
826,7,9.969022750854492
834,7,9.969022750854492
838,7,9.969022750854492
840,7,9.969022750854492
848,7,9.969022750854492
866,7,9.969022750854492
868,7,9.969022750854492
876,7,9.969022750854492
884,7,9.969022750854492
890,7,9.969022750854492
918,7,9.969022750854492
934,7,9.969022750854492
937,7,9.969022750854492
939,7,9.969022750854492
951,7,9.969022750854492
958,7,9.969022750854492
967,7,9.969022750854492
981,7,9.969022750854492
983,7,9.969022750854492
998,7,9.969022750854492
1009,7,9.969022750854492
1016,7,9.969022750854492
1048,7,9.969022750854492
1051,7,9.969022750854492
1053,7,9.969022750854492
1054,7,9.969022750854492
1088,7,9.969022750854492
1089,7,9.969022750854492
1108,7,9.969022750854492
1123,7,9.969022750854492
1136,7,9.969022750854492
1143,7,9.969022750854492
1150,7,9.969022750854492
1152,7,9.969022750854492
1159,7,9.969022750854492
1164,7,9.969022750854492
1168,7,9.969022750854492
1183,7,9.969022750854492
1186,7,9.969022750854492
1192,7,9.969022750854492
1195,7,9.969022750854492
1203,7,9.969022750854492
1214,7,9.969022750854492
1219,7,9.969022750854492
1237,7,9.969022750854492
1258,7,9.969022750854492
1265,7,9.969022750854492
1266,7,9.969022750854492
1276,7,9.969022750854492
1283,7,9.969022750854492
1293,7,9.969022750854492
1296,7,9.969022750854492
1300,7,9.969022750854492
1312,7,9.969022750854492
1334,7,9.969022750854492
1340,7,9.969022750854492
1361,7,9.969022750854492
1363,7,9.969022750854492
1368,7,9.969022750854492
1378,7,9.969022750854492
1400,7,9.969022750854492
709,7,9.964773178100586
388,2,9.943427085876465
369,2,9.934154510498047
376,1,9.926383018493652
336,2,9.911576271057129
486,7,9.84091567993164
541,7,9.84091567993164
575,7,9.84091567993164
589,7,9.84091567993164
645,7,9.84091567993164
669,7,9.84091567993164
698,7,9.84091567993164
707,7,9.84091567993164
720,7,9.84091567993164
733,7,9.84091567993164
746,7,9.84091567993164
762,7,9.84091567993164
793,7,9.84091567993164
798,7,9.84091567993164
810,7,9.84091567993164
880,7,9.84091567993164
897,7,9.84091567993164
901,7,9.84091567993164
908,7,9.84091567993164
911,7,9.84091567993164
914,7,9.84091567993164
921,7,9.84091567993164
940,7,9.84091567993164
950,7,9.84091567993164
975,7,9.84091567993164
992,7,9.84091567993164
1012,7,9.84091567993164
1058,7,9.84091567993164
1060,7,9.84091567993164
1077,7,9.84091567993164
1113,7,9.84091567993164
1146,7,9.84091567993164
1147,7,9.84091567993164
1163,7,9.84091567993164
1236,7,9.84091567993164
1299,7,9.84091567993164
1303,7,9.84091567993164
1310,7,9.84091567993164
1319,7,9.84091567993164
1320,7,9.84091567993164
1353,7,9.84091567993164
1383,7,9.84091567993164
6,1,9.814813613891602
849,7,9.80258846282959
201,1,9.787307739257812
418,2,9.767938613891602
532,7,9.744288444519043
617,7,9.744288444519043
619,7,9.744288444519043
635,7,9.744288444519043
677,7,9.744288444519043
821,7,9.744288444519043
905,7,9.744288444519043
959,7,9.744288444519043
966,7,9.744288444519043
1032,7,9.744288444519043
1047,7,9.744288444519043
1171,7,9.744288444519043
1187,7,9.744288444519043
1240,7,9.744288444519043
1264,7,9.744288444519043
1326,7,9.744288444519043
1347,7,9.744288444519043
509,7,9.740067481994629
601,7,9.740067481994629
648,7,9.740067481994629
681,7,9.740067481994629
781,7,9.740067481994629
864,7,9.740067481994629
962,7,9.740067481994629
989,7,9.740067481994629
1065,7,9.740067481994629
1099,7,9.740067481994629
1119,7,9.740067481994629
1125,7,9.740067481994629
1169,7,9.740067481994629
1191,7,9.740067481994629
1208,7,9.740067481994629
1286,7,9.740067481994629
1343,7,9.740067481994629
1351,7,9.740067481994629
1401,7,9.740067481994629
411,2,9.738809585571289
346,2,9.694144248962402
585,7,9.655083656311035
640,7,9.655083656311035
929,7,9.655083656311035
1242,7,9.655083656311035
186,1,9.654751777648926
53,2,9.635551452636719
397,2,9.612993240356445
1376,7,9.558137893676758
339,2,9.554104804992676
363,2,9.552730560302734
382,2,9.537903785705566
1107,7,9.52324390411377
1227,7,9.52324390411377
338,2,9.520036697387695
406,2,9.503901481628418
371,2,9.49524974822998
334,2,9.482160568237305
308,1,9.474970817565918
120,2,9.452890396118164
60,1,9.42861270904541
62,1,9.42861270904541
76,1,9.42861270904541
84,1,9.42861270904541
90,1,9.42861270904541
99,1,9.42861270904541
255,1,9.42861270904541
272,1,9.42861270904541
282,1,9.42861270904541
354,1,9.42861270904541
355,1,9.42861270904541
756,7,9.42444896697998
1063,7,9.42444896697998
294,1,9.408056259155273
349,2,9.394598007202148
398,2,9.394598007202148
682,7,9.351511001586914
715,7,9.351511001586914
1277,7,9.351511001586914
1294,7,9.351511001586914
520,7,9.341191291809082
977,7,9.341191291809082
424,2,9.308082580566406
303,1,9.290465354919434
366,2,9.251462936401367
351,2,9.230183601379395
64,2,9.220064163208008
372,2,9.218832015991211
516,7,9.218146324157715
562,7,9.21389102935791
597,7,9.21389102935791
602,7,9.21389102935791
634,7,9.21389102935791
666,7,9.21389102935791
815,7,9.21389102935791
816,7,9.21389102935791
932,7,9.21389102935791
988,7,9.21389102935791
1001,7,9.21389102935791
1033,7,9.21389102935791
1044,7,9.21389102935791
1130,7,9.21389102935791
1198,7,9.21389102935791
1238,7,9.21389102935791
1287,7,9.21389102935791
1298,7,9.21389102935791
1345,7,9.21389102935791
1380,7,9.21389102935791
1381,7,9.21389102935791
373,2,9.187925338745117
400,2,9.160440444946289
194,1,9.132576942443848
1079,7,9.08611011505127
454,1,9.07430648803711
469,1,9.069628715515137
470,1,9.069628715515137
472,1,9.069628715515137
93,1,9.037470817565918
101,1,9.030466079711914
551,7,8.996001243591309
555,7,8.996001243591309
592,7,8.996001243591309
599,7,8.996001243591309
618,7,8.996001243591309
658,7,8.996001243591309
660,7,8.996001243591309
730,7,8.996001243591309
749,7,8.996001243591309
778,7,8.996001243591309
805,7,8.996001243591309
824,7,8.996001243591309
853,7,8.996001243591309
854,7,8.996001243591309
896,7,8.996001243591309
945,7,8.996001243591309
986,7,8.996001243591309
1066,7,8.996001243591309
1072,7,8.996001243591309
1092,7,8.996001243591309
1145,7,8.996001243591309
1156,7,8.996001243591309
1178,7,8.996001243591309
1205,7,8.996001243591309
1210,7,8.996001243591309
1218,7,8.996001243591309
1256,7,8.996001243591309
1268,7,8.996001243591309
1270,7,8.996001243591309
1278,7,8.996001243591309
1281,7,8.996001243591309
1285,7,8.996001243591309
1329,7,8.996001243591309
1352,7,8.996001243591309
1355,7,8.996001243591309
1373,7,8.996001243591309
1394,7,8.996001243591309
333,2,8.994373321533203
991,7,8.948105812072754
332,6,8.92397689819336
320,1,8.917991638183594
91,1,8.855450630187988
92,1,8.855450630187988
571,7,8.783531188964844
614,7,8.767308235168457
744,7,8.767308235168457
841,7,8.767308235168457
1096,7,8.767308235168457
753,7,8.757238388061523
208,1,8.698395729064941
497,7,8.697724342346191
513,7,8.697724342346191
552,7,8.697724342346191
598,7,8.697724342346191
604,7,8.697724342346191
629,7,8.697724342346191
652,7,8.697724342346191
659,7,8.697724342346191
734,7,8.697724342346191
737,7,8.697724342346191
738,7,8.697724342346191
760,7,8.697724342346191
799,7,8.697724342346191
850,7,8.697724342346191
871,7,8.697724342346191
874,7,8.697724342346191
892,7,8.697724342346191
952,7,8.697724342346191
1062,7,8.697724342346191
1137,7,8.697724342346191
1165,7,8.697724342346191
1194,7,8.697724342346191
1222,7,8.697724342346191
1269,7,8.697724342346191
1393,7,8.697724342346191
407,2,8.679292678833008
238,1,8.672822952270508
239,1,8.672822952270508
240,1,8.672822952270508
263,1,8.672822952270508
187,2,8.660757064819336
451,1,8.655831336975098
151,1,8.623186111450195
413,1,8.622952461242676
499,7,8.621519088745117
748,7,8.621519088745117
782,7,8.621519088745117
855,7,8.621519088745117
928,7,8.621519088745117
1040,7,8.621519088745117
1059,7,8.621519088745117
1081,7,8.621519088745117
1182,7,8.621519088745117
1349,7,8.621519088745117
1358,7,8.621519088745117
1402,7,8.621519088745117
196,1,8.564229965209961
545,7,8.554582595825195
547,7,8.554582595825195
888,7,8.554582595825195
1010,7,8.554582595825195
1035,7,8.554582595825195
1094,7,8.554582595825195
1262,7,8.554582595825195
1314,7,8.554582595825195
39,1,8.485700607299805
18,1,8.459672927856445
242,2,8.434760093688965
16,1,8.36263656616211
362,2,8.29486083984375
387,2,8.29486083984375
468,1,8.227434158325195
471,1,8.227434158325195
473,1,8.227434158325195
475,1,8.227434158325195
432,1,8.11645221710205
132,1,8.105080604553223
262,1,8.103797912597656
264,1,8.103797912597656
251,1,8.072318077087402
288,1,8.069097518920898
452,1,8.033740997314453
160,2,7.968975067138672
108,1,7.922887325286865
304,1,7.887658596038818
192,1,7.849609375
112,1,7.825994968414307
973,7,7.8227009773254395
330,2,7.811539173126221
284,1,7.804295539855957
285,1,7.804295539855957
286,1,7.804295539855957
287,1,7.804295539855957
122,1,7.7789130210876465
152,1,7.7789130210876465
478,7,7.763293743133545
489,7,7.763293743133545
501,7,7.763293743133545
502,7,7.763293743133545
561,7,7.763293743133545
615,7,7.763293743133545
651,7,7.763293743133545
673,7,7.763293743133545
686,7,7.763293743133545
687,7,7.763293743133545
693,7,7.763293743133545
711,7,7.763293743133545
740,7,7.763293743133545
764,7,7.763293743133545
766,7,7.763293743133545
779,7,7.763293743133545
783,7,7.763293743133545
806,7,7.763293743133545
828,7,7.763293743133545
877,7,7.763293743133545
881,7,7.763293743133545
887,7,7.763293743133545
904,7,7.763293743133545
954,7,7.763293743133545
961,7,7.763293743133545
972,7,7.763293743133545
976,7,7.763293743133545
1005,7,7.763293743133545
1017,7,7.763293743133545
1018,7,7.763293743133545
1028,7,7.763293743133545
1064,7,7.763293743133545
1074,7,7.763293743133545
1076,7,7.763293743133545
1104,7,7.763293743133545
1115,7,7.763293743133545
1129,7,7.763293743133545
1166,7,7.763293743133545
1188,7,7.763293743133545
1193,7,7.763293743133545
1224,7,7.763293743133545
1228,7,7.763293743133545
1249,7,7.763293743133545
1274,7,7.763293743133545
1333,7,7.763293743133545
1362,7,7.763293743133545
1379,7,7.763293743133545
1387,7,7.763293743133545
111,1,7.735962867736816
283,1,7.727550506591797
295,1,7.727550506591797
296,1,7.727550506591797
297,1,7.727550506591797
317,1,7.690676689147949
310,1,7.687624454498291
311,1,7.687624454498291
277,1,7.6296772956848145
209,1,7.607883453369141
193,1,7.606588363647461
58,1,7.588008880615234
408,2,7.547539710998535
146,1,7.537662029266357
383,2,7.516778469085693
220,1,7.51408576965332
278,1,7.461770534515381
48,2,7.443865776062012
228,1,7.389864444732666
63,1,7.373579025268555
143,1,7.339852809906006
434,1,7.298765659332275
256,1,7.290308475494385
173,1,7.153082370758057
0,1,7.121147155761719
344,1,7.062905788421631
360,1,7.062905788421631
200,1,7.021371841430664
442,1,6.978744029998779
95,1,6.925617694854736
102,1,6.925617694854736
104,1,6.925617694854736
107,1,6.925617694854736
109,1,6.925617694854736
155,1,6.925617694854736
301,1,6.886260986328125
455,1,6.878779411315918
456,1,6.878779411315918
457,1,6.878779411315918
458,1,6.878779411315918
214,1,6.834726333618164
261,1,6.811772346496582
395,1,6.811772346496582
244,1,6.766529560089111
210,1,6.761433124542236
237,1,6.761433124542236
67,2,6.66254186630249
300,1,6.613822937011719
216,1,6.574591159820557
217,1,6.574591159820557
234,1,6.574591159820557
235,1,6.574591159820557
258,1,6.574591159820557
328,1,6.574591159820557
329,1,6.574591159820557
342,1,6.574591159820557
276,1,6.542995452880859
302,1,6.542995452880859
445,1,6.537314414978027
314,1,6.531362056732178
343,1,6.531362056732178
89,1,6.469840049743652
384,1,6.469840049743652
252,1,6.382671356201172
265,1,6.382671356201172
266,1,6.382671356201172
267,1,6.382671356201172
268,1,6.382671356201172
420,1,6.3811211585998535
289,1,6.318535804748535
280,1,6.292807579040527
275,1,6.252246379852295
448,1,6.243521690368652
459,1,6.192413330078125
460,1,6.192413330078125
467,1,6.192413330078125
299,1,6.182744026184082
462,1,6.075336933135986
443,1,6.03986930847168
182,1,5.999994277954102
185,1,5.9500627517700195
153,1,5.93874454498291
61,1,5.924531936645508
183,1,5.924531936645508
197,1,5.924531936645508
215,2,5.89859676361084
103,1,5.891627311706543
259,1,5.889979362487793
129,1,5.770739555358887
166,2,5.770157337188721
133,1,5.751109600067139
24,1,5.692886829376221
25,1,5.692886829376221
26,1,5.692886829376221
81,1,5.692886829376221
113,1,5.692886829376221
126,1,5.692886829376221
127,1,5.692886829376221
425,1,5.672537326812744
246,1,5.665414810180664
321,1,5.646385192871094
241,2,5.581180572509766
447,1,5.55971622467041
449,1,5.55971622467041
5,1,5.551058769226074
179,1,5.524323463439941
327,1,5.486010551452637
461,1,5.444836139678955
69,2,5.378561973571777
315,1,5.34208345413208
119,1,5.336063861846924
177,1,5.304194927215576
326,1,5.285739898681641
178,1,5.2842841148376465
180,1,5.2031731605529785
181,1,5.2031731605529785
44,2,5.172547340393066
142,2,5.169849395751953
221,1,5.169405937194824
260,1,5.161650657653809
322,1,5.119283199310303
439,1,5.0782389640808105
167,1,5.016879558563232
86,1,4.872958183288574
70,2,4.822322845458984
97,1,4.7173285484313965
211,1,4.7173285484313965
65,2,4.652528762817383
316,1,4.445077896118164
124,1,4.027812957763672
318,1,3.5956692695617676
123,1,3.2939260005950928
96,1,3.103203535079956
138,1,3.075701951980591
198,1,2.9719231128692627
