sample_idx,real_label,min_dis
404,2,5.353828430175781
416,2,5.140141487121582
394,2,4.580716133117676
131,1,4.435634136199951
351,2,4.317386150360107
479,7,4.316224098205566
481,7,4.316224098205566
484,7,4.316224098205566
514,7,4.316224098205566
535,7,4.316224098205566
542,7,4.316224098205566
560,7,4.316224098205566
573,7,4.316224098205566
576,7,4.316224098205566
579,7,4.316224098205566
580,7,4.316224098205566
587,7,4.316224098205566
595,7,4.316224098205566
609,7,4.316224098205566
610,7,4.316224098205566
624,7,4.316224098205566
632,7,4.316224098205566
633,7,4.316224098205566
639,7,4.316224098205566
644,7,4.316224098205566
650,7,4.316224098205566
691,7,4.316224098205566
696,7,4.316224098205566
697,7,4.316224098205566
708,7,4.316224098205566
721,7,4.316224098205566
727,7,4.316224098205566
755,7,4.316224098205566
758,7,4.316224098205566
772,7,4.316224098205566
784,7,4.316224098205566
788,7,4.316224098205566
789,7,4.316224098205566
812,7,4.316224098205566
814,7,4.316224098205566
822,7,4.316224098205566
826,7,4.316224098205566
834,7,4.316224098205566
838,7,4.316224098205566
840,7,4.316224098205566
848,7,4.316224098205566
866,7,4.316224098205566
868,7,4.316224098205566
876,7,4.316224098205566
884,7,4.316224098205566
890,7,4.316224098205566
918,7,4.316224098205566
934,7,4.316224098205566
937,7,4.316224098205566
939,7,4.316224098205566
951,7,4.316224098205566
958,7,4.316224098205566
967,7,4.316224098205566
981,7,4.316224098205566
983,7,4.316224098205566
998,7,4.316224098205566
1009,7,4.316224098205566
1016,7,4.316224098205566
1048,7,4.316224098205566
1051,7,4.316224098205566
1053,7,4.316224098205566
1054,7,4.316224098205566
1088,7,4.316224098205566
1089,7,4.316224098205566
1108,7,4.316224098205566
1123,7,4.316224098205566
1136,7,4.316224098205566
1143,7,4.316224098205566
1150,7,4.316224098205566
1152,7,4.316224098205566
1159,7,4.316224098205566
1164,7,4.316224098205566
1168,7,4.316224098205566
1183,7,4.316224098205566
1186,7,4.316224098205566
1192,7,4.316224098205566
1195,7,4.316224098205566
1203,7,4.316224098205566
1214,7,4.316224098205566
1219,7,4.316224098205566
1237,7,4.316224098205566
1258,7,4.316224098205566
1265,7,4.316224098205566
1266,7,4.316224098205566
1276,7,4.316224098205566
1283,7,4.316224098205566
1293,7,4.316224098205566
1296,7,4.316224098205566
1300,7,4.316224098205566
1312,7,4.316224098205566
1334,7,4.316224098205566
1340,7,4.316224098205566
1361,7,4.316224098205566
1363,7,4.316224098205566
1368,7,4.316224098205566
1378,7,4.316224098205566
1400,7,4.316224098205566
366,2,4.116340160369873
312,2,4.0873637199401855
478,7,4.057314395904541
489,7,4.057314395904541
501,7,4.057314395904541
502,7,4.057314395904541
561,7,4.057314395904541
615,7,4.057314395904541
651,7,4.057314395904541
673,7,4.057314395904541
686,7,4.057314395904541
687,7,4.057314395904541
693,7,4.057314395904541
711,7,4.057314395904541
740,7,4.057314395904541
764,7,4.057314395904541
766,7,4.057314395904541
779,7,4.057314395904541
783,7,4.057314395904541
806,7,4.057314395904541
828,7,4.057314395904541
877,7,4.057314395904541
881,7,4.057314395904541
887,7,4.057314395904541
904,7,4.057314395904541
954,7,4.057314395904541
961,7,4.057314395904541
972,7,4.057314395904541
976,7,4.057314395904541
1005,7,4.057314395904541
1017,7,4.057314395904541
1018,7,4.057314395904541
1028,7,4.057314395904541
1064,7,4.057314395904541
1074,7,4.057314395904541
1076,7,4.057314395904541
1104,7,4.057314395904541
1115,7,4.057314395904541
1129,7,4.057314395904541
1166,7,4.057314395904541
1188,7,4.057314395904541
1193,7,4.057314395904541
1224,7,4.057314395904541
1228,7,4.057314395904541
1249,7,4.057314395904541
1274,7,4.057314395904541
1333,7,4.057314395904541
1362,7,4.057314395904541
1379,7,4.057314395904541
1387,7,4.057314395904541
419,2,3.9880800247192383
753,7,3.935904026031494
399,2,3.8933985233306885
187,2,3.7946970462799072
430,1,3.7913384437561035
330,2,3.586273193359375
397,2,3.508945941925049
164,2,3.4657323360443115
393,2,3.414501905441284
227,2,3.3405416011810303
335,2,3.310204267501831
341,1,3.255089044570923
370,2,3.1266541481018066
141,2,3.09210205078125
334,2,3.0648882389068604
388,2,3.0459177494049072
402,2,3.015054225921631
379,2,2.992537260055542
336,2,2.9560515880584717
64,2,2.9551608562469482
545,7,2.8950228691101074
547,7,2.8950228691101074
888,7,2.8950228691101074
1010,7,2.8950228691101074
1035,7,2.8950228691101074
1094,7,2.8950228691101074
1262,7,2.8950228691101074
1314,7,2.8950228691101074
346,2,2.879063129425049
363,2,2.831059694290161
324,2,2.797412872314453
350,2,2.7861216068267822
361,2,2.7861216068267822
121,2,2.746706008911133
724,7,2.7356319427490234
352,2,2.7203123569488525
165,2,2.692326068878174
373,2,2.6815378665924072
464,2,2.649622678756714
991,7,2.6347360610961914
497,7,2.6276514530181885
513,7,2.6276514530181885
552,7,2.6276514530181885
598,7,2.6276514530181885
604,7,2.6276514530181885
629,7,2.6276514530181885
652,7,2.6276514530181885
659,7,2.6276514530181885
734,7,2.6276514530181885
737,7,2.6276514530181885
738,7,2.6276514530181885
760,7,2.6276514530181885
799,7,2.6276514530181885
850,7,2.6276514530181885
871,7,2.6276514530181885
874,7,2.6276514530181885
892,7,2.6276514530181885
952,7,2.6276514530181885
1062,7,2.6276514530181885
1137,7,2.6276514530181885
1165,7,2.6276514530181885
1194,7,2.6276514530181885
1222,7,2.6276514530181885
1269,7,2.6276514530181885
1393,7,2.6276514530181885
120,2,2.618131160736084
564,7,2.5989835262298584
787,7,2.5989835262298584
808,7,2.5989835262298584
832,7,2.5989835262298584
371,2,2.5975096225738525
422,1,2.497063159942627
358,2,2.476824998855591
367,2,2.476824998855591
333,2,2.4706270694732666
254,2,2.4430911540985107
990,7,2.324882745742798
466,6,2.3202316761016846
551,7,2.1907598972320557
555,7,2.1907598972320557
592,7,2.1907598972320557
599,7,2.1907598972320557
618,7,2.1907598972320557
658,7,2.1907598972320557
660,7,2.1907598972320557
730,7,2.1907598972320557
749,7,2.1907598972320557
778,7,2.1907598972320557
805,7,2.1907598972320557
824,7,2.1907598972320557
853,7,2.1907598972320557
854,7,2.1907598972320557
896,7,2.1907598972320557
945,7,2.1907598972320557
986,7,2.1907598972320557
1066,7,2.1907598972320557
1072,7,2.1907598972320557
1092,7,2.1907598972320557
1145,7,2.1907598972320557
1156,7,2.1907598972320557
1178,7,2.1907598972320557
1205,7,2.1907598972320557
1210,7,2.1907598972320557
1218,7,2.1907598972320557
1256,7,2.1907598972320557
1268,7,2.1907598972320557
1270,7,2.1907598972320557
1278,7,2.1907598972320557
1281,7,2.1907598972320557
1285,7,2.1907598972320557
1329,7,2.1907598972320557
1352,7,2.1907598972320557
1355,7,2.1907598972320557
1373,7,2.1907598972320557
1394,7,2.1907598972320557
212,2,2.190091609954834
392,2,2.190091609954834
423,2,2.190091609954834
386,2,2.1014156341552734
405,2,2.0400099754333496
382,2,2.0253286361694336
80,1,2.0063397884368896
213,2,1.9636496305465698
28,1,1.9629716873168945
338,2,1.960963487625122
682,7,1.9448496103286743
715,7,1.9448496103286743
1277,7,1.9448496103286743
1294,7,1.9448496103286743
1079,7,1.9440200328826904
364,2,1.9092602729797363
409,2,1.9092602729797363
139,2,1.9045757055282593
249,2,1.9045757055282593
257,2,1.9019122123718262
369,2,1.876063346862793
365,2,1.868814468383789
678,7,1.851981282234192
362,2,1.7887285947799683
387,2,1.7887285947799683
1135,7,1.7822849750518799
115,2,1.7495405673980713
149,2,1.7380684614181519
1107,7,1.7166622877120972
1227,7,1.7166622877120972
406,2,1.7130223512649536
401,2,1.710911512374878
403,2,1.7054858207702637
247,1,1.6773232221603394
480,7,1.6654376983642578
483,7,1.6654376983642578
493,7,1.6654376983642578
494,7,1.6654376983642578
495,7,1.6654376983642578
496,7,1.6654376983642578
504,7,1.6654376983642578
506,7,1.6654376983642578
507,7,1.6654376983642578
511,7,1.6654376983642578
519,7,1.6654376983642578
521,7,1.6654376983642578
523,7,1.6654376983642578
536,7,1.6654376983642578
543,7,1.6654376983642578
544,7,1.6654376983642578
550,7,1.6654376983642578
553,7,1.6654376983642578
559,7,1.6654376983642578
563,7,1.6654376983642578
566,7,1.6654376983642578
569,7,1.6654376983642578
570,7,1.6654376983642578
574,7,1.6654376983642578
577,7,1.6654376983642578
578,7,1.6654376983642578
581,7,1.6654376983642578
583,7,1.6654376983642578
591,7,1.6654376983642578
593,7,1.6654376983642578
600,7,1.6654376983642578
605,7,1.6654376983642578
606,7,1.6654376983642578
607,7,1.6654376983642578
608,7,1.6654376983642578
611,7,1.6654376983642578
613,7,1.6654376983642578
620,7,1.6654376983642578
623,7,1.6654376983642578
626,7,1.6654376983642578
630,7,1.6654376983642578
637,7,1.6654376983642578
638,7,1.6654376983642578
646,7,1.6654376983642578
647,7,1.6654376983642578
649,7,1.6654376983642578
656,7,1.6654376983642578
657,7,1.6654376983642578
661,7,1.6654376983642578
662,7,1.6654376983642578
663,7,1.6654376983642578
664,7,1.6654376983642578
667,7,1.6654376983642578
668,7,1.6654376983642578
671,7,1.6654376983642578
672,7,1.6654376983642578
676,7,1.6654376983642578
680,7,1.6654376983642578
683,7,1.6654376983642578
684,7,1.6654376983642578
685,7,1.6654376983642578
690,7,1.6654376983642578
695,7,1.6654376983642578
701,7,1.6654376983642578
704,7,1.6654376983642578
710,7,1.6654376983642578
713,7,1.6654376983642578
718,7,1.6654376983642578
719,7,1.6654376983642578
722,7,1.6654376983642578
726,7,1.6654376983642578
729,7,1.6654376983642578
731,7,1.6654376983642578
732,7,1.6654376983642578
736,7,1.6654376983642578
742,7,1.6654376983642578
747,7,1.6654376983642578
750,7,1.6654376983642578
751,7,1.6654376983642578
757,7,1.6654376983642578
759,7,1.6654376983642578
761,7,1.6654376983642578
763,7,1.6654376983642578
765,7,1.6654376983642578
767,7,1.6654376983642578
768,7,1.6654376983642578
770,7,1.6654376983642578
773,7,1.6654376983642578
776,7,1.6654376983642578
777,7,1.6654376983642578
780,7,1.6654376983642578
790,7,1.6654376983642578
794,7,1.6654376983642578
801,7,1.6654376983642578
802,7,1.6654376983642578
803,7,1.6654376983642578
804,7,1.6654376983642578
813,7,1.6654376983642578
818,7,1.6654376983642578
820,7,1.6654376983642578
829,7,1.6654376983642578
830,7,1.6654376983642578
831,7,1.6654376983642578
833,7,1.6654376983642578
835,7,1.6654376983642578
837,7,1.6654376983642578
844,7,1.6654376983642578
845,7,1.6654376983642578
846,7,1.6654376983642578
856,7,1.6654376983642578
858,7,1.6654376983642578
860,7,1.6654376983642578
861,7,1.6654376983642578
863,7,1.6654376983642578
879,7,1.6654376983642578
882,7,1.6654376983642578
883,7,1.6654376983642578
894,7,1.6654376983642578
900,7,1.6654376983642578
913,7,1.6654376983642578
917,7,1.6654376983642578
919,7,1.6654376983642578
922,7,1.6654376983642578
923,7,1.6654376983642578
925,7,1.6654376983642578
926,7,1.6654376983642578
933,7,1.6654376983642578
935,7,1.6654376983642578
936,7,1.6654376983642578
941,7,1.6654376983642578
943,7,1.6654376983642578
944,7,1.6654376983642578
946,7,1.6654376983642578
949,7,1.6654376983642578
955,7,1.6654376983642578
956,7,1.6654376983642578
957,7,1.6654376983642578
974,7,1.6654376983642578
978,7,1.6654376983642578
987,7,1.6654376983642578
994,7,1.6654376983642578
997,7,1.6654376983642578
1000,7,1.6654376983642578
1003,7,1.6654376983642578
1008,7,1.6654376983642578
1011,7,1.6654376983642578
1020,7,1.6654376983642578
1027,7,1.6654376983642578
1029,7,1.6654376983642578
1034,7,1.6654376983642578
1036,7,1.6654376983642578
1041,7,1.6654376983642578
1042,7,1.6654376983642578
1043,7,1.6654376983642578
1045,7,1.6654376983642578
1046,7,1.6654376983642578
1049,7,1.6654376983642578
1050,7,1.6654376983642578
1056,7,1.6654376983642578
1070,7,1.6654376983642578
1073,7,1.6654376983642578
1075,7,1.6654376983642578
1082,7,1.6654376983642578
1083,7,1.6654376983642578
1085,7,1.6654376983642578
1086,7,1.6654376983642578
1087,7,1.6654376983642578
1090,7,1.6654376983642578
1091,7,1.6654376983642578
1093,7,1.6654376983642578
1095,7,1.6654376983642578
1097,7,1.6654376983642578
1098,7,1.6654376983642578
1100,7,1.6654376983642578
1106,7,1.6654376983642578
1109,7,1.6654376983642578
1111,7,1.6654376983642578
1112,7,1.6654376983642578
1114,7,1.6654376983642578
1118,7,1.6654376983642578
1126,7,1.6654376983642578
1127,7,1.6654376983642578
1139,7,1.6654376983642578
1140,7,1.6654376983642578
1148,7,1.6654376983642578
1149,7,1.6654376983642578
1151,7,1.6654376983642578
1155,7,1.6654376983642578
1157,7,1.6654376983642578
1160,7,1.6654376983642578
1161,7,1.6654376983642578
1162,7,1.6654376983642578
1174,7,1.6654376983642578
1176,7,1.6654376983642578
1177,7,1.6654376983642578
1179,7,1.6654376983642578
1181,7,1.6654376983642578
1184,7,1.6654376983642578
1190,7,1.6654376983642578
1196,7,1.6654376983642578
1197,7,1.6654376983642578
1199,7,1.6654376983642578
1202,7,1.6654376983642578
1206,7,1.6654376983642578
1216,7,1.6654376983642578
1220,7,1.6654376983642578
1223,7,1.6654376983642578
1225,7,1.6654376983642578
1226,7,1.6654376983642578
1231,7,1.6654376983642578
1233,7,1.6654376983642578
1235,7,1.6654376983642578
1243,7,1.6654376983642578
1247,7,1.6654376983642578
1248,7,1.6654376983642578
1250,7,1.6654376983642578
1251,7,1.6654376983642578
1255,7,1.6654376983642578
1257,7,1.6654376983642578
1259,7,1.6654376983642578
1260,7,1.6654376983642578
1261,7,1.6654376983642578
1267,7,1.6654376983642578
1273,7,1.6654376983642578
1275,7,1.6654376983642578
1279,7,1.6654376983642578
1280,7,1.6654376983642578
1284,7,1.6654376983642578
1288,7,1.6654376983642578
1289,7,1.6654376983642578
1290,7,1.6654376983642578
1292,7,1.6654376983642578
1297,7,1.6654376983642578
1302,7,1.6654376983642578
1305,7,1.6654376983642578
1306,7,1.6654376983642578
1307,7,1.6654376983642578
1308,7,1.6654376983642578
1309,7,1.6654376983642578
1311,7,1.6654376983642578
1313,7,1.6654376983642578
1316,7,1.6654376983642578
1321,7,1.6654376983642578
1323,7,1.6654376983642578
1328,7,1.6654376983642578
1331,7,1.6654376983642578
1332,7,1.6654376983642578
1335,7,1.6654376983642578
1337,7,1.6654376983642578
1338,7,1.6654376983642578
1339,7,1.6654376983642578
1342,7,1.6654376983642578
1356,7,1.6654376983642578
1359,7,1.6654376983642578
1360,7,1.6654376983642578
1370,7,1.6654376983642578
1372,7,1.6654376983642578
1374,7,1.6654376983642578
1375,7,1.6654376983642578
1377,7,1.6654376983642578
1382,7,1.6654376983642578
1385,7,1.6654376983642578
1386,7,1.6654376983642578
1388,7,1.6654376983642578
1389,7,1.6654376983642578
1390,7,1.6654376983642578
1395,7,1.6654376983642578
1396,7,1.6654376983642578
1397,7,1.6654376983642578
337,2,1.6598241329193115
424,2,1.6416540145874023
67,2,1.6408121585845947
756,7,1.6113959550857544
1063,7,1.6113959550857544
1252,7,1.60716712474823
218,2,1.6069164276123047
1170,7,1.6009602546691895
621,7,1.5900238752365112
383,2,1.5820473432540894
117,2,1.5500400066375732
349,2,1.5484967231750488
398,2,1.5484967231750488
209,1,1.5237151384353638
378,2,1.512851595878601
348,2,1.5015647411346436
88,2,1.496521234512329
372,2,1.4935330152511597
128,1,1.4762012958526611
408,2,1.472901701927185
411,2,1.4722062349319458
400,2,1.4702507257461548
410,2,1.4661791324615479
709,7,1.4628784656524658
380,2,1.4211868047714233
253,2,1.4186545610427856
1272,7,1.3822379112243652
614,7,1.347990870475769
744,7,1.347990870475769
841,7,1.347990870475769
1096,7,1.347990870475769
809,7,1.3340177536010742
347,2,1.3124276399612427
54,2,1.3010342121124268
965,7,1.2980313301086426
516,7,1.2936432361602783
158,2,1.2841148376464844
1,2,1.2658153772354126
138,1,1.2508500814437866
532,7,1.2467120885849
617,7,1.2467120885849
619,7,1.2467120885849
635,7,1.2467120885849
677,7,1.2467120885849
821,7,1.2467120885849
905,7,1.2467120885849
959,7,1.2467120885849
966,7,1.2467120885849
1032,7,1.2467120885849
1047,7,1.2467120885849
1171,7,1.2467120885849
1187,7,1.2467120885849
1240,7,1.2467120885849
1264,7,1.2467120885849
1326,7,1.2467120885849
1347,7,1.2467120885849
1102,7,1.2287137508392334
451,1,1.223761796951294
110,1,1.2159088850021362
231,2,1.1650532484054565
455,1,1.1408075094223022
456,1,1.1408075094223022
457,1,1.1408075094223022
458,1,1.1408075094223022
407,2,1.137608528137207
1376,7,1.1276426315307617
23,2,1.125762939453125
242,2,1.102286696434021
100,1,1.1014256477355957
72,2,1.0981882810592651
418,2,1.0848495960235596
323,2,1.0828943252563477
469,1,1.081761121749878
470,1,1.081761121749878
472,1,1.081761121749878
170,2,1.0803672075271606
924,7,1.0794191360473633
1271,7,1.0794191360473633
567,7,1.0756717920303345
655,7,1.0756717920303345
526,7,1.0651158094406128
903,7,1.0651158094406128
61,1,1.0468343496322632
183,1,1.0468343496322632
197,1,1.0468343496322632
340,2,1.042662262916565
571,7,1.0313607454299927
665,7,1.0211502313613892
705,7,1.0211502313613892
1354,7,1.0102415084838867
143,1,1.0025945901870728
317,1,0.9967144131660461
562,7,0.9762145280838013
597,7,0.9762145280838013
602,7,0.9762145280838013
634,7,0.9762145280838013
666,7,0.9762145280838013
815,7,0.9762145280838013
816,7,0.9762145280838013
932,7,0.9762145280838013
988,7,0.9762145280838013
1001,7,0.9762145280838013
1033,7,0.9762145280838013
1044,7,0.9762145280838013
1130,7,0.9762145280838013
1198,7,0.9762145280838013
1238,7,0.9762145280838013
1287,7,0.9762145280838013
1298,7,0.9762145280838013
1345,7,0.9762145280838013
1380,7,0.9762145280838013
1381,7,0.9762145280838013
584,7,0.9628985524177551
421,2,0.9440557956695557
745,7,0.9331994652748108
105,1,0.9216815829277039
653,7,0.9214151501655579
529,7,0.9199098348617554
631,7,0.9199098348617554
898,7,0.9199098348617554
906,7,0.9199098348617554
157,2,0.9097040295600891
482,7,0.9081807136535645
485,7,0.9081807136535645
488,7,0.9081807136535645
537,7,0.9081807136535645
538,7,0.9081807136535645
582,7,0.9081807136535645
643,7,0.9081807136535645
725,7,0.9081807136535645
735,7,0.9081807136535645
774,7,0.9081807136535645
807,7,0.9081807136535645
817,7,0.9081807136535645
859,7,0.9081807136535645
886,7,0.9081807136535645
893,7,0.9081807136535645
907,7,0.9081807136535645
915,7,0.9081807136535645
948,7,0.9081807136535645
985,7,0.9081807136535645
1014,7,0.9081807136535645
1055,7,0.9081807136535645
1128,7,0.9081807136535645
1154,7,0.9081807136535645
1172,7,0.9081807136535645
1200,7,0.9081807136535645
1295,7,0.9081807136535645
1301,7,0.9081807136535645
1384,7,0.9081807136535645
452,1,0.9052078127861023
461,1,0.9046685695648193
849,7,0.8873003721237183
463,2,0.8793472647666931
628,7,0.8751100301742554
163,2,0.865726113319397
22,2,0.8622013926506042
875,7,0.855932354927063
549,7,0.8499376177787781
557,7,0.8499376177787781
641,7,0.8499376177787781
694,7,0.8499376177787781
714,7,0.8499376177787781
795,7,0.8499376177787781
867,7,0.8499376177787781
902,7,0.8499376177787781
938,7,0.8499376177787781
969,7,0.8499376177787781
1189,7,0.8499376177787781
1317,7,0.8499376177787781
172,1,0.83501797914505
261,1,0.8349120020866394
395,1,0.8349120020866394
518,7,0.8283677101135254
909,7,0.8283677101135254
226,2,0.8265827298164368
477,1,0.8225986957550049
374,1,0.8216899037361145
499,7,0.817930281162262
748,7,0.817930281162262
782,7,0.817930281162262
855,7,0.817930281162262
928,7,0.817930281162262
1040,7,0.817930281162262
1059,7,0.817930281162262
1081,7,0.817930281162262
1182,7,0.817930281162262
1349,7,0.817930281162262
1358,7,0.817930281162262
1402,7,0.817930281162262
269,1,0.809572160243988
200,1,0.8060379028320312
229,2,0.7999224066734314
415,2,0.7960094213485718
520,7,0.7813255190849304
977,7,0.7813255190849304
193,1,0.7697228789329529
433,1,0.7615696787834167
973,7,0.746850848197937
1057,7,0.7468156814575195
417,2,0.7465494275093079
303,1,0.745601236820221
339,2,0.745587170124054
811,7,0.7385004758834839
819,7,0.7385004758834839
1022,7,0.7385004758834839
1037,7,0.7385004758834839
87,2,0.7374827861785889
377,1,0.7358250021934509
202,1,0.7207840085029602
68,2,0.7081766128540039
435,1,0.6969453692436218
174,1,0.6934571862220764
443,1,0.6928415894508362
162,2,0.6909283399581909
432,1,0.6778805255889893
309,1,0.6747876405715942
381,1,0.6747876405715942
316,1,0.6479806303977966
147,2,0.6370683312416077
431,1,0.6318690776824951
345,1,0.6257370114326477
78,1,0.6255757808685303
114,1,0.6255757808685303
159,2,0.6240106225013733
245,1,0.6230589151382446
58,1,0.6223151683807373
585,7,0.6165990233421326
640,7,0.6165990233421326
929,7,0.6165990233421326
1242,7,0.6165990233421326
6,1,0.6127644181251526
207,1,0.6078343987464905
71,2,0.6022194623947144
442,1,0.5890918374061584
375,1,0.5670182704925537
376,1,0.5633946657180786
356,2,0.5626224279403687
276,1,0.5560316443443298
302,1,0.5560316443443298
270,2,0.5541858673095703
1015,7,0.5528616309165955
396,2,0.548040509223938
259,1,0.540766179561615
83,1,0.5387877821922302
133,1,0.5343791842460632
357,2,0.529358446598053
176,1,0.5287456512451172
186,1,0.5279533267021179
509,7,0.5245342254638672
601,7,0.5245342254638672
648,7,0.5245342254638672
681,7,0.5245342254638672
781,7,0.5245342254638672
864,7,0.5245342254638672
962,7,0.5245342254638672
989,7,0.5245342254638672
1065,7,0.5245342254638672
1099,7,0.5245342254638672
1119,7,0.5245342254638672
1125,7,0.5245342254638672
1169,7,0.5245342254638672
1191,7,0.5245342254638672
1208,7,0.5245342254638672
1286,7,0.5245342254638672
1343,7,0.5245342254638672
1351,7,0.5245342254638672
1401,7,0.5245342254638672
251,1,0.5206928253173828
279,1,0.5200595259666443
51,1,0.5180140137672424
368,2,0.5122372508049011
476,1,0.5110042095184326
490,7,0.5073750019073486
491,7,0.5073750019073486
492,7,0.5073750019073486
498,7,0.5073750019073486
500,7,0.5073750019073486
503,7,0.5073750019073486
505,7,0.5073750019073486
508,7,0.5073750019073486
510,7,0.5073750019073486
515,7,0.5073750019073486
517,7,0.5073750019073486
522,7,0.5073750019073486
524,7,0.5073750019073486
525,7,0.5073750019073486
527,7,0.5073750019073486
528,7,0.5073750019073486
531,7,0.5073750019073486
533,7,0.5073750019073486
539,7,0.5073750019073486
540,7,0.5073750019073486
546,7,0.5073750019073486
548,7,0.5073750019073486
554,7,0.5073750019073486
556,7,0.5073750019073486
558,7,0.5073750019073486
565,7,0.5073750019073486
568,7,0.5073750019073486
572,7,0.5073750019073486
588,7,0.5073750019073486
590,7,0.5073750019073486
594,7,0.5073750019073486
596,7,0.5073750019073486
603,7,0.5073750019073486
612,7,0.5073750019073486
616,7,0.5073750019073486
622,7,0.5073750019073486
625,7,0.5073750019073486
627,7,0.5073750019073486
642,7,0.5073750019073486
654,7,0.5073750019073486
670,7,0.5073750019073486
675,7,0.5073750019073486
679,7,0.5073750019073486
688,7,0.5073750019073486
689,7,0.5073750019073486
692,7,0.5073750019073486
699,7,0.5073750019073486
700,7,0.5073750019073486
702,7,0.5073750019073486
703,7,0.5073750019073486
706,7,0.5073750019073486
716,7,0.5073750019073486
717,7,0.5073750019073486
723,7,0.5073750019073486
739,7,0.5073750019073486
743,7,0.5073750019073486
752,7,0.5073750019073486
754,7,0.5073750019073486
769,7,0.5073750019073486
771,7,0.5073750019073486
775,7,0.5073750019073486
785,7,0.5073750019073486
786,7,0.5073750019073486
792,7,0.5073750019073486
797,7,0.5073750019073486
800,7,0.5073750019073486
823,7,0.5073750019073486
825,7,0.5073750019073486
827,7,0.5073750019073486
836,7,0.5073750019073486
839,7,0.5073750019073486
842,7,0.5073750019073486
847,7,0.5073750019073486
852,7,0.5073750019073486
857,7,0.5073750019073486
862,7,0.5073750019073486
865,7,0.5073750019073486
869,7,0.5073750019073486
872,7,0.5073750019073486
873,7,0.5073750019073486
878,7,0.5073750019073486
889,7,0.5073750019073486
895,7,0.5073750019073486
912,7,0.5073750019073486
916,7,0.5073750019073486
920,7,0.5073750019073486
927,7,0.5073750019073486
931,7,0.5073750019073486
942,7,0.5073750019073486
947,7,0.5073750019073486
953,7,0.5073750019073486
960,7,0.5073750019073486
963,7,0.5073750019073486
964,7,0.5073750019073486
971,7,0.5073750019073486
979,7,0.5073750019073486
980,7,0.5073750019073486
982,7,0.5073750019073486
984,7,0.5073750019073486
993,7,0.5073750019073486
995,7,0.5073750019073486
996,7,0.5073750019073486
999,7,0.5073750019073486
1002,7,0.5073750019073486
1007,7,0.5073750019073486
1019,7,0.5073750019073486
1021,7,0.5073750019073486
1023,7,0.5073750019073486
1025,7,0.5073750019073486
1026,7,0.5073750019073486
1031,7,0.5073750019073486
1039,7,0.5073750019073486
1052,7,0.5073750019073486
1061,7,0.5073750019073486
1067,7,0.5073750019073486
1068,7,0.5073750019073486
1069,7,0.5073750019073486
1078,7,0.5073750019073486
1080,7,0.5073750019073486
1084,7,0.5073750019073486
1101,7,0.5073750019073486
1103,7,0.5073750019073486
1105,7,0.5073750019073486
1110,7,0.5073750019073486
1117,7,0.5073750019073486
1120,7,0.5073750019073486
1121,7,0.5073750019073486
1122,7,0.5073750019073486
1124,7,0.5073750019073486
1131,7,0.5073750019073486
1133,7,0.5073750019073486
1134,7,0.5073750019073486
1142,7,0.5073750019073486
1144,7,0.5073750019073486
1153,7,0.5073750019073486
1158,7,0.5073750019073486
1167,7,0.5073750019073486
1173,7,0.5073750019073486
1185,7,0.5073750019073486
1201,7,0.5073750019073486
1207,7,0.5073750019073486
1209,7,0.5073750019073486
1211,7,0.5073750019073486
1212,7,0.5073750019073486
1215,7,0.5073750019073486
1217,7,0.5073750019073486
1221,7,0.5073750019073486
1230,7,0.5073750019073486
1234,7,0.5073750019073486
1239,7,0.5073750019073486
1241,7,0.5073750019073486
1245,7,0.5073750019073486
1246,7,0.5073750019073486
1253,7,0.5073750019073486
1263,7,0.5073750019073486
1282,7,0.5073750019073486
1315,7,0.5073750019073486
1318,7,0.5073750019073486
1322,7,0.5073750019073486
1324,7,0.5073750019073486
1325,7,0.5073750019073486
1327,7,0.5073750019073486
1336,7,0.5073750019073486
1344,7,0.5073750019073486
1346,7,0.5073750019073486
1348,7,0.5073750019073486
1364,7,0.5073750019073486
1366,7,0.5073750019073486
1367,7,0.5073750019073486
1369,7,0.5073750019073486
1371,7,0.5073750019073486
1391,7,0.5073750019073486
1398,7,0.5073750019073486
48,2,0.5026683211326599
274,1,0.4949338734149933
391,1,0.4949338734149933
486,7,0.4900558888912201
541,7,0.4900558888912201
575,7,0.4900558888912201
589,7,0.4900558888912201
645,7,0.4900558888912201
669,7,0.4900558888912201
698,7,0.4900558888912201
707,7,0.4900558888912201
720,7,0.4900558888912201
733,7,0.4900558888912201
746,7,0.4900558888912201
762,7,0.4900558888912201
793,7,0.4900558888912201
798,7,0.4900558888912201
810,7,0.4900558888912201
880,7,0.4900558888912201
897,7,0.4900558888912201
901,7,0.4900558888912201
908,7,0.4900558888912201
911,7,0.4900558888912201
914,7,0.4900558888912201
921,7,0.4900558888912201
940,7,0.4900558888912201
950,7,0.4900558888912201
975,7,0.4900558888912201
992,7,0.4900558888912201
1012,7,0.4900558888912201
1058,7,0.4900558888912201
1060,7,0.4900558888912201
1077,7,0.4900558888912201
1113,7,0.4900558888912201
1146,7,0.4900558888912201
1147,7,0.4900558888912201
1163,7,0.4900558888912201
1236,7,0.4900558888912201
1299,7,0.4900558888912201
1303,7,0.4900558888912201
1310,7,0.4900558888912201
1319,7,0.4900558888912201
1320,7,0.4900558888912201
1353,7,0.4900558888912201
1383,7,0.4900558888912201
215,2,0.4849500060081482
225,2,0.4819120764732361
97,1,0.47052595019340515
211,1,0.47052595019340515
322,1,0.46309369802474976
359,1,0.45458975434303284
313,1,0.4535102844238281
161,1,0.44396811723709106
156,2,0.4425331652164459
434,1,0.44224685430526733
167,1,0.4419548511505127
178,1,0.4418843388557434
160,2,0.4321634769439697
413,1,0.4316445291042328
69,2,0.42825478315353394
487,7,0.4249902367591858
512,7,0.4249902367591858
530,7,0.4249902367591858
534,7,0.4249902367591858
586,7,0.4249902367591858
636,7,0.4249902367591858
674,7,0.4249902367591858
712,7,0.4249902367591858
728,7,0.4249902367591858
741,7,0.4249902367591858
791,7,0.4249902367591858
796,7,0.4249902367591858
843,7,0.4249902367591858
851,7,0.4249902367591858
870,7,0.4249902367591858
885,7,0.4249902367591858
891,7,0.4249902367591858
899,7,0.4249902367591858
910,7,0.4249902367591858
930,7,0.4249902367591858
968,7,0.4249902367591858
970,7,0.4249902367591858
1004,7,0.4249902367591858
1006,7,0.4249902367591858
1013,7,0.4249902367591858
1024,7,0.4249902367591858
1030,7,0.4249902367591858
1038,7,0.4249902367591858
1071,7,0.4249902367591858
1116,7,0.4249902367591858
1132,7,0.4249902367591858
1138,7,0.4249902367591858
1141,7,0.4249902367591858
1175,7,0.4249902367591858
1180,7,0.4249902367591858
1204,7,0.4249902367591858
1213,7,0.4249902367591858
1229,7,0.4249902367591858
1232,7,0.4249902367591858
1244,7,0.4249902367591858
1254,7,0.4249902367591858
1291,7,0.4249902367591858
1304,7,0.4249902367591858
1330,7,0.4249902367591858
1341,7,0.4249902367591858
1350,7,0.4249902367591858
1357,7,0.4249902367591858
1365,7,0.4249902367591858
1392,7,0.4249902367591858
1399,7,0.4249902367591858
169,2,0.41737037897109985
15,1,0.41582682728767395
119,1,0.4149884581565857
177,1,0.41477784514427185
310,1,0.4143047332763672
311,1,0.4143047332763672
35,1,0.4125361144542694
150,1,0.4125361144542694
298,1,0.4125361144542694
321,1,0.40760985016822815
414,2,0.4048211872577667
136,1,0.40157079696655273
137,1,0.40157079696655273
260,1,0.40070152282714844
175,1,0.3984999358654022
191,1,0.39824816584587097
219,1,0.39824816584587097
325,1,0.39824816584587097
327,1,0.3955596089363098
425,1,0.39543506503105164
171,2,0.3947611153125763
278,1,0.3945204019546509
94,1,0.39295607805252075
236,1,0.39295607805252075
248,2,0.39012855291366577
273,1,0.38925468921661377
230,2,0.3863494098186493
299,1,0.38202208280563354
250,2,0.37648120522499084
180,1,0.3632495403289795
181,1,0.3632495403289795
142,2,0.35833287239074707
447,1,0.3433210551738739
449,1,0.3433210551738739
412,2,0.33548882603645325
108,1,0.32995423674583435
437,1,0.327712744474411
95,1,0.3267040252685547
102,1,0.3267040252685547
104,1,0.3267040252685547
107,1,0.3267040252685547
109,1,0.3267040252685547
155,1,0.3267040252685547
436,1,0.3199789822101593
179,1,0.3171554207801819
450,1,0.3121468722820282
96,1,0.30903902649879456
318,1,0.30805525183677673
5,1,0.3056911528110504
74,1,0.299861341714859
75,1,0.299861341714859
308,1,0.29065144062042236
151,1,0.2894541621208191
465,1,0.2876703143119812
306,1,0.2867092192173004
284,1,0.2813480496406555
285,1,0.2813480496406555
286,1,0.2813480496406555
287,1,0.2813480496406555
16,1,0.26960548758506775
112,1,0.2664547264575958
198,1,0.26156631112098694
353,1,0.25912562012672424
135,1,0.25733357667922974
315,1,0.2554861307144165
185,1,0.2537996768951416
438,1,0.25046926736831665
277,1,0.24961240589618683
326,1,0.2494032233953476
256,1,0.2439184933900833
389,1,0.24360573291778564
3,2,0.24117420613765717
241,2,0.24081695079803467
106,1,0.23880815505981445
134,1,0.23880815505981445
146,1,0.23704758286476135
60,1,0.23370911180973053
62,1,0.23370911180973053
76,1,0.23370911180973053
84,1,0.23370911180973053
90,1,0.23370911180973053
99,1,0.23370911180973053
255,1,0.23370911180973053
272,1,0.23370911180973053
282,1,0.23370911180973053
354,1,0.23370911180973053
355,1,0.23370911180973053
130,1,0.23099449276924133
46,1,0.22401688992977142
331,1,0.22400207817554474
293,1,0.22166654467582703
82,1,0.21477581560611725
429,1,0.20913952589035034
289,1,0.20136100053787231
314,1,0.20117312669754028
343,1,0.20117312669754028
39,1,0.200591579079628
132,1,0.19980232417583466
290,1,0.19881924986839294
93,1,0.1987684667110443
70,2,0.19843395054340363
52,1,0.19488175213336945
166,2,0.19213442504405975
271,1,0.19206996262073517
300,1,0.1914130598306656
427,1,0.19037622213363647
385,1,0.18942752480506897
148,2,0.17372064292430878
144,2,0.15849195420742035
65,2,0.15490277111530304
